	0	1	2	3	4	5	6	7	8	9	10	11	12	13	14	15	16	17	18	19	20	21	22	23	24	25	26	27	28	29	30	31	32	33	34	35	36	37	38	39	40	41	42	43	44	45	46	47	48	49	50	51	52	53	54	55	56	57	58	59	60	61	62	63	64	65	66	67	68	69	70	71	72	73	74	75	76	77	78	79	80	81	82	83	84	85	86	87	88	89	90	91	92	93	94	95	96	97	98	99
0	0.0	0.7639728399688908	0.8245233535643434	0.8171865934301691	0.8325546111576978	0.8325546111576977	0.8325546111576977	0.8325546111576977	0.8325546111576977	1.0	0.8325546111576977	0.8298756426999406	0.82517122267137	0.7935458556388703	0.8325546111576977	0.8284707882531159	0.8282619144499204	0.8178247907867362	0.8234022858719652	0.8325546111576978	0.8325546111576977	0.8325546111576977	0.826863539051488	0.8182201186751893	0.8110561503487824	0.8213851062944953	0.8194143300398378	0.7885745501344288	0.7959238216038642	0.8275831092461143	0.8325546111576977	0.8280138082150934	0.8325546111576978	0.8173601424732572	0.829943207598859	0.7982410346250126	0.8249343634708195	0.82877312556205	0.8325546111576977	0.8166364851938948	0.8276559934082284	0.8006791931458473	0.7970145264923535	0.8101454478342027	0.8303462283698605	0.8325546111576977	0.8140953545382446	0.8325546111576977	0.8325546111576977	0.8195707584655945	0.8245929359792388	0.8325546111576977	0.7929674072713501	0.8173365037035958	0.8230897215114267	0.8063232144320193	0.8269050986752791	0.8207168516904626	0.796186409653235	0.8325546111576978	0.8325546111576977	0.8325546111576978	0.8217281057955564	0.8069677833689051	0.8285899233115067	0.815508888049494	0.8172574129584627	0.8136774258813797	0.8325546111576977	0.8280845404750913	0.804541738750916	0.8266686845486565	0.8206647958455424	0.8249884868723901	0.8325546111576978	0.829422883087705	0.824365197348163	0.8325546111576977	0.8186647374488492	0.8226634592885198	0.8228842615528064	0.828364812024823	0.8070844283055688	0.7887371054044054	0.8278274450083337	0.8114191211934931	0.8239180163371372	0.8325546111576978	0.8172812850280775	0.8325546111576977	0.8079201375815253	0.8325546111576977	0.8148541740463918	0.8280753744737165	0.8325546111576977	0.8281124853112699	0.8325546111576977	0.8245320993799599	0.8184154039229445	0.8204309458336672
1	0.7639728399688908	0.0	0.8325546111576978	0.8325546111576977	0.8237253964747007	0.8209924719730939	0.8175940136486974	0.8325546111576977	0.8291776067334733	1.0	0.820149745818465	0.8225683028610641	0.8234029512930822	0.7951522997353011	0.8274503724855354	0.8103031579907056	0.8325546111576977	0.8219325247083019	0.8325546111576977	0.8325546111576978	0.8325546111576977	0.8269844511059199	0.8124813436143333	0.8325546111576977	0.8325546111576977	0.8241379066318119	0.8325546111576977	0.8227840699678973	0.8237349942790508	0.8325546111576977	0.828650454149181	0.8264508819634232	0.8148911654059087	0.8325546111576977	0.8267104463293536	0.8157277921314398	0.8209751345604034	0.8276140180769526	0.8275078902099319	0.8226358616082546	0.8261048955620591	0.8288907798171302	0.8279715408187509	0.8291459484115199	0.8313603347481555	0.8325546111576977	0.8325546111576977	0.8325546111576977	0.8325546111576977	0.8325546111576977	0.8227915473981797	0.8325546111576977	0.8212955305262751	0.8135658029715938	0.8233502819957569	0.8148823409127715	0.8325546111576978	0.8234145092301935	0.8279031088979943	0.8236515309253059	0.8231135312526348	0.8325546111576978	0.810083203508585	0.8263517826038712	0.8211649240722575	0.8143692478859267	0.8037511996204547	0.8039383898944549	0.8261361343630942	0.8262064735787334	0.8144573188416131	0.8264780914374598	0.8068544237746964	0.8064138047696731	0.8269847698137848	0.8288630578696063	0.8325546111576977	0.8325546111576977	0.8216320395920839	0.8182613976471472	0.8270817225430195	0.8235238308583179	0.8325546111576978	0.7982142946417172	0.8260917322088314	0.8283471755243097	0.810193418676041	0.8235476048760962	0.8140102360783175	0.8265478216684632	0.8274146875112638	0.8240539493086628	0.8140491076254984	0.8077453429032859	0.8325546111576977	0.8042344594423159	0.8200848644602039	0.8128509366569605	0.828235033645115	0.8086177273287891
2	0.8245233535643434	0.8325546111576978	0.0	0.8325546111576977	0.8325546111576978	0.82277109698257	0.8223427678987683	0.8325546111576978	0.8325546111576978	1.0	0.8325546111576978	0.827859316383111	0.8325546111576978	0.8325546111576978	0.8254143540744674	0.8325546111576978	0.7210391190472466	0.8182842157375332	0.8146037286611764	0.8156928793843602	0.8325546111576978	0.8325546111576978	0.8325546111576978	0.7908894652767503	0.8225932357729298	0.8325546111576978	0.822602661442309	0.8253552138526936	0.8325546111576978	0.8186170818243803	0.8183800379182399	0.8325546111576978	0.8227928966906467	0.8280894980656595	0.8325546111576978	0.8100553834521772	0.8325546111576978	0.8325546111576977	0.8162202685204932	0.8325546111576978	0.8325546111576978	0.8325546111576977	0.8080819015952454	0.8258315853905789	0.8313011376996348	0.8325546111576978	0.8241914470178384	0.8325546111576978	0.826348054248783	0.8325546111576978	0.8325546111576978	0.8325546111576978	0.7790340414276298	0.8094227440048268	0.8325546111576978	0.8008211380269974	0.8247410315588422	0.8081543619009699	0.8027844994339768	0.8253072347631358	0.8124628713770141	0.8193616050851427	0.826323809670043	0.8325546111576977	0.8251799968149708	0.8240548800638238	0.8325546111576978	0.8325546111576978	0.8325546111576978	0.8241677243967023	0.8165805606669984	0.8325546111576978	0.8325546111576977	0.8325546111576978	0.8134022704300391	0.8226920741296935	0.80888139587078	0.8172781766668729	0.8325546111576978	0.8325546111576978	0.8314512209423824	0.8269602052500734	0.8325546111576978	0.8325546111576977	0.8244951146401074	0.8214140009886232	0.8115691503086908	0.8325546111576978	0.8325546111576978	0.8284225353894555	0.8246437302730019	0.8325546111576978	0.8325546111576978	0.8266579005421146	0.8214825414545788	0.8192635432716443	0.8325546111576977	0.8325546111576977	0.8264282271316997	0.8325546111576978
3	0.8171865934301691	0.8325546111576977	0.8325546111576977	0.0	0.8325546111576977	0.8325546111576977	0.8209946654793943	0.8325546111576977	0.8140365609477951	1.0	0.8325546111576977	0.8238587188047211	0.8129490759783894	0.8226353189927524	0.8325546111576977	0.826497594118746	0.8287475773900976	0.8325546111576977	0.820585000696842	0.8325546111576977	0.8284184075691413	0.8325546111576977	0.8274023967568827	0.823100830760226	0.8249558752709851	0.8252126489818148	0.8325546111576977	0.804914295643274	0.8217295203071254	0.8325546111576977	0.8325546111576977	0.8325546111576977	0.8325546111576977	0.8254043683131965	0.8325546111576977	0.8244636250412837	0.8243699053986595	0.8224687799312013	0.8255626463904826	0.8225075538889612	0.8325546111576977	0.8325546111576977	0.8256627931226374	0.8325546111576977	0.8325546111576977	0.8325546111576977	0.8212158701580375	0.8325546111576977	0.8279255816620146	0.8273261401234395	0.8325546111576977	0.8325546111576977	0.8214457835120911	0.8275562105327569	0.8325546111576977	0.8325546111576977	0.828075603386514	0.8145893017323748	0.8240684360180333	0.8325546111576977	0.8325546111576977	0.8245767780626843	0.8325546111576977	0.8265780006711396	0.8250715726646182	0.8325546111576977	0.8325546111576977	0.8234222846294404	0.825064183234136	0.8172520968254329	0.8083526052574612	0.8325546111576977	0.8238658127150937	0.82719005864185	0.8325546111576977	0.8189020781686343	0.7960658729356502	0.8236005597148888	0.8325546111576977	0.8242283644617532	0.8325546111576977	0.8325546111576977	0.8231465061259621	0.8325546111576977	0.8325546111576977	0.8175551057625148	0.8277090380565988	0.8325546111576977	0.8325546111576977	0.8204024310433752	0.8284484536211517	0.8276244700327692	0.807072923050439	0.8325546111576977	0.8325546111576977	0.8129868510613556	0.8325546111576977	0.827375582457673	0.8130848982098742	0.8325546111576977
4	0.8325546111576978	0.8237253964747007	0.8325546111576978	0.8325546111576977	0.0	0.824579542000373	0.8103027571861281	0.8325546111576978	0.8276954511273321	1.0	0.8325546111576978	0.8325546111576978	0.8325546111576978	0.8325546111576978	0.8325546111576977	0.8277548768431537	0.8282550661967466	0.8325546111576978	0.8325546111576978	0.8236477711007242	0.8261738521073484	0.8276688044634352	0.810151484674797	0.8325546111576978	0.8254347981634467	0.8155078697931268	0.826971324058891	0.8325546111576978	0.8255493127160549	0.8325546111576978	0.7956542644673625	0.8325546111576978	0.8325546111576978	0.8325546111576978	0.8255980554456096	0.8212008803962886	0.8268616899392548	0.8325546111576977	0.8325546111576978	0.8325546111576978	0.8284478829652039	0.8290808809179548	0.8325546111576978	0.8325546111576977	0.8325546111576978	0.8325546111576978	0.8269321399745152	0.8325546111576978	0.8325546111576977	0.829432514656326	0.8273440151069542	0.8325546111576978	0.8325546111576977	0.8325546111576978	0.8325546111576978	0.7884459627733286	0.8325546111576978	0.8240780318709006	0.8276902467315773	0.8325546111576978	0.8325546111576977	0.8273297235579714	0.8249939750212825	0.8255140337115001	0.8325546111576978	0.8273310798683762	0.8255007220996928	0.8325546111576978	0.8270316837421313	0.824668502987857	0.8205995243241231	0.8325546111576978	0.8177867526701423	0.8325546111576978	0.8242152347577302	0.8325546111576978	0.818451247289928	0.8259995282783736	0.8246936289656347	0.8180014913758823	0.8314312215430224	0.8182955914351483	0.825667094062505	0.828160178912887	0.8325546111576978	0.8325546111576977	0.821387017423127	0.8325546111576978	0.8210620212570954	0.8218711174352372	0.8325546111576978	0.8325546111576978	0.8272362156871941	0.8325546111576978	0.8325546111576978	0.8244237647036831	0.8211386937100168	0.8325546111576977	0.8278465130794499	0.8325546111576978
5	0.8325546111576977	0.8209924719730939	0.82277109698257	0.8325546111576977	0.824579542000373	0.0	0.8217859970721063	0.8325546111576977	0.8229788040315811	1.0	0.8283549792912511	0.8131772649258772	0.8325546111576978	0.8164330515809368	0.8325546111576977	0.7854037532569804	0.8325546111576977	0.8325546111576978	0.8230876047085917	0.8325546111576978	0.8325546111576977	0.8228668514712605	0.7722763463878309	0.8213011518708639	0.8276918827551155	0.815724470150723	0.8218113301645829	0.8325546111576978	0.8223375243970799	0.8325546111576977	0.8200668928799737	0.8214671901281323	0.8325546111576978	0.8283852155802157	0.8325546111576977	0.8049411131790658	0.8136188006615587	0.8257061842849311	0.828054069085399	0.8325546111576977	0.8325546111576977	0.8325546111576977	0.8239552836854109	0.8279486124551297	0.8325546111576977	0.8263555348668511	0.8325546111576977	0.8325546111576977	0.8212214993637205	0.8279110305838436	0.8208747888835733	0.8325546111576977	0.8219555331091188	0.8221678838899333	0.8281496105710416	0.8275586076846732	0.8276173315894924	0.8267490451423085	0.8325546111576977	0.8325546111576978	0.8168579711420831	0.799103312572434	0.8202219296789341	0.8325546111576977	0.810878344326572	0.8274033182985909	0.8325546111576977	0.8266780133962975	0.826792168581161	0.8193653566603925	0.7851458899384651	0.8325546111576977	0.8225544979954602	0.8165896567740897	0.7998033317178979	0.8325546111576978	0.7763810586288183	0.8120932144789093	0.821042963771478	0.8279628220050582	0.8325546111576978	0.8179785627870284	0.8196159385068763	0.807787392204841	0.8261140004302913	0.8325546111576977	0.8110650831382702	0.8200877234732161	0.825003140757021	0.8325546111576977	0.8236991685423651	0.8325546111576977	0.8104646688797265	0.8176359465402736	0.8032429905787649	0.7068568048306522	0.8188231160415234	0.8273327368037666	0.8270831659187623	0.8122422491234579
6	0.8325546111576977	0.8175940136486974	0.8223427678987683	0.8209946654793943	0.8103027571861281	0.8217859970721063	0.0	0.8325546111576977	0.8002952113420009	1.0	0.8074623503188336	0.8210277342410893	0.821148334026638	0.8271597409121187	0.8325546111576977	0.8231143833060246	0.8325546111576977	0.8325546111576978	0.830018314393387	0.8151686382965398	0.8259729343855077	0.8160487321288538	0.8022432592357138	0.814810606108177	0.8325546111576977	0.820085427053932	0.8325546111576977	0.8262676789611074	0.8253191593258179	0.8200917661939628	0.7887688290860772	0.8220233874147299	0.8264041629635909	0.8289565613437339	0.8195711412500619	0.8256037667511326	0.8251988651312734	0.8325546111576977	0.8196759809261319	0.8276941428287387	0.8261887930814175	0.8325546111576977	0.8325546111576977	0.8325546111576977	0.8313023397466404	0.8325546111576977	0.8232716610750429	0.8325546111576977	0.8325546111576977	0.8255800194841104	0.8060788684912513	0.8325546111576977	0.8277006960848179	0.8282669963459498	0.8325546111576977	0.8264612948973499	0.8325546111576978	0.8325546111576977	0.8325546111576977	0.8215946774056087	0.8325546111576977	0.8273181606540496	0.7746735111785918	0.8148680172407644	0.8092474219204996	0.8126680690825181	0.7926498942468413	0.7941043375820758	0.8063396629019223	0.8088021653311397	0.8263438052312871	0.8325546111576977	0.7501233762500659	0.7629873630066899	0.817598483295219	0.8248602410933817	0.7986863398211009	0.8259835328216031	0.8325546111576977	0.7934187027131852	0.8313599148558584	0.7887980056640822	0.8279183744308218	0.8325546111576977	0.813676287993396	0.8274639813860104	0.7733148038507923	0.8325546111576978	0.81793967876143	0.7893156673000984	0.8193174971128934	0.7982402012492162	0.820787356677486	0.8009265444608147	0.8325546111576977	0.7802458549037147	0.819121012059349	0.7914572593070924	0.8325546111576977	0.8064129830238329
7	0.8325546111576977	0.8325546111576977	0.8325546111576978	0.8325546111576977	0.8325546111576978	0.8325546111576977	0.8325546111576977	0.0	0.8325546111576977	1.0	0.8325546111576977	0.8325546111576977	0.8325546111576978	0.8325546111576977	0.8325546111576977	0.8325546111576977	0.8325546111576977	0.8325546111576978	0.8325546111576977	0.8325546111576978	0.8325546111576977	0.8325546111576977	0.8325546111576977	0.8325546111576977	0.8325546111576977	0.8325546111576977	0.8325546111576977	0.8325546111576978	0.8325546111576977	0.8325546111576977	0.8325546111576977	0.8325546111576977	0.8325546111576978	0.8325546111576977	0.8325546111576977	0.8325546111576977	0.8325546111576977	0.8325546111576977	0.8325546111576977	0.8325546111576977	0.8325546111576977	0.8325546111576977	0.8325546111576977	0.819393470000768	0.8325546111576977	0.8325546111576977	0.8325546111576977	0.8325546111576977	0.8325546111576977	0.8325546111576977	0.8325546111576978	0.8325546111576977	0.8325546111576977	0.8325546111576977	0.8325546111576977	0.8325546111576978	0.8325546111576978	0.8325546111576977	0.8325546111576977	0.8325546111576978	0.8325546111576977	0.8325546111576978	0.8325546111576977	0.8325546111576977	0.8325546111576977	0.8325546111576978	0.8325546111576977	0.8325546111576978	0.8325546111576977	0.8197795544765589	0.8325546111576978	0.8325546111576977	0.8325546111576977	0.8325546111576977	0.8325546111576978	0.8325546111576978	0.8325546111576977	0.8325546111576977	0.8325546111576977	0.8325546111576977	0.8325546111576978	0.8325546111576977	0.8325546111576978	0.8325546111576977	0.8325546111576977	0.8325546111576977	0.8325546111576977	0.8325546111576978	0.8325546111576978	0.8325546111576977	0.8325546111576977	0.8325546111576977	0.8325546111576977	0.8325546111576978	0.8325546111576977	0.8325546111576977	0.8325546111576977	0.8325546111576977	0.8325546111576977	0.8325546111576978
8	0.8325546111576977	0.8291776067334733	0.8325546111576978	0.8140365609477951	0.8276954511273321	0.8229788040315811	0.8002952113420009	0.8325546111576977	0.0	1.0	0.8263064907704756	0.8055951914714737	0.8154714685594034	0.8325546111576977	0.8325546111576977	0.8294392620440352	0.8325546111576977	0.8325546111576978	0.8229411373739015	0.8294935417701249	0.8244996186897485	0.8226934651950857	0.8228403709170666	0.8257055601835958	0.8289480846439551	0.824671689243332	0.8298442607811243	0.8285942857471746	0.8209320178289404	0.8283446593689416	0.8242809959826985	0.8291720304173863	0.8325546111576978	0.8276144013163296	0.8123018254707568	0.8169008129217946	0.8220444067589179	0.8325546111576977	0.8252378978466928	0.828397099586407	0.8325546111576977	0.8325546111576977	0.8259741698774612	0.8287303869839234	0.8325546111576977	0.8203508472209018	0.8281270107055596	0.8308095738565224	0.8325546111576977	0.8294651530974437	0.8232372311858897	0.8325546111576977	0.8249420230874919	0.8106555723509679	0.8189472504903192	0.8186661839002389	0.8118205462018024	0.829231162754202	0.8195753472344197	0.8287335993227052	0.8150414723527084	0.8076120311177867	0.8232557246234159	0.8232869413058116	0.8152637253145185	0.8100444129958025	0.8224501657905825	0.8217788155671626	0.8229736844674346	0.8209364297519692	0.8215587190135001	0.8325546111576977	0.8174474311245867	0.8091746420773632	0.8214243857631501	0.821339454339785	0.7439466749255829	0.8109595258355518	0.8283823622516149	0.7965234299648387	0.8295380217632617	0.8229212841538107	0.8027467786649122	0.8232196820283784	0.8272384752635208	0.8249604401016363	0.8173007938741076	0.8287358481842959	0.8237492202482076	0.8228694608752497	0.8282534871973161	0.825704418231393	0.8181091879144177	0.8254555075427624	0.8203850487206441	0.8112007479737905	0.8282143305640788	0.8235483792030913	0.82547524395916	0.811900425419639
9	1.0	1.0	1.0	1.0	1.0	1.0	1.0	1.0	1.0	1.0	1.0	1.0	1.0	1.0	1.0	1.0	1.0	1.0	1.0	1.0	1.0	1.0	1.0	1.0	1.0	1.0	1.0	1.0	1.0	1.0	1.0	1.0	1.0	1.0	1.0	1.0	1.0	1.0	1.0	1.0	1.0	1.0	1.0	1.0	1.0	1.0	1.0	1.0	1.0	1.0	1.0	1.0	1.0	1.0	1.0	1.0	1.0	1.0	1.0	1.0	1.0	1.0	1.0	1.0	1.0	1.0	1.0	1.0	1.0	1.0	1.0	1.0	1.0	1.0	1.0	1.0	1.0	1.0	1.0	1.0	1.0	1.0	1.0	1.0	1.0	1.0	1.0	1.0	1.0	1.0	1.0	1.0	1.0	1.0	1.0	1.0	1.0	1.0	1.0	1.0
10	0.8325546111576977	0.820149745818465	0.8325546111576978	0.8325546111576977	0.8325546111576978	0.8283549792912511	0.8074623503188336	0.8325546111576977	0.8263064907704756	1.0	0.0	0.8234988295941849	0.8273358295047729	0.8325546111576977	0.8325546111576977	0.8325546111576977	0.8325546111576977	0.8325546111576978	0.8298473553185574	0.8325546111576978	0.8325546111576977	0.8325546111576977	0.8277771672549646	0.8325546111576977	0.8325546111576977	0.8325546111576977	0.8325546111576977	0.8325546111576978	0.8236509731281342	0.8325546111576977	0.8325546111576977	0.8270202176918138	0.8325546111576978	0.8325546111576977	0.8325546111576977	0.8325546111576977	0.8325546111576977	0.8325546111576977	0.8158914552799651	0.8325546111576977	0.8325546111576977	0.8202850656912889	0.8325546111576977	0.8217561197693558	0.829559189486119	0.8325546111576977	0.8325546111576977	0.8297191829781978	0.827127810025201	0.8325546111576977	0.8201001890287248	0.8325546111576977	0.8265151990027467	0.8249556151236945	0.8325546111576977	0.8325546111576978	0.8325546111576978	0.8325546111576977	0.8325546111576977	0.8233557515306117	0.8245424636044082	0.8254739335026775	0.7647868416129519	0.8182370007916733	0.8100233753043873	0.8033676034404175	0.8051514269901131	0.8038722224810564	0.8074729323845573	0.8184171190588798	0.8325546111576978	0.8325546111576977	0.7897901131865555	0.8082015169061256	0.8202786717319895	0.8325546111576978	0.8325546111576977	0.8325546111576977	0.8325546111576977	0.809021605476633	0.8325546111576978	0.7978739543439604	0.8325546111576978	0.8236637038981428	0.8111227579364276	0.8325546111576977	0.7947791268193851	0.8325546111576978	0.8248466395106993	0.8325546111576977	0.8215885658978187	0.8097635224283021	0.8278414994747927	0.8084081784085868	0.8325546111576977	0.8109000606778896	0.8214378289347845	0.814009773042163	0.8325546111576977	0.8059817070176215
11	0.8298756426999406	0.8225683028610641	0.827859316383111	0.8238587188047211	0.8325546111576978	0.8131772649258772	0.8210277342410893	0.8325546111576977	0.8055951914714737	1.0	0.8234988295941849	0.0	0.8168683210028246	0.8234160346760763	0.8325546111576977	0.8174501417071919	0.8325546111576977	0.8325546111576978	0.8154968809415778	0.8325546111576978	0.8325546111576977	0.8277943217137664	0.8148931604652108	0.8254672166537688	0.8325546111576977	0.8289942126342542	0.8278020070466705	0.8325546111576978	0.8226326479508579	0.8325546111576977	0.8325546111576977	0.8176041844859547	0.8266121783656403	0.8272372004176374	0.8185018128592507	0.8146963484146238	0.8201445335294578	0.8325546111576977	0.8045778039177711	0.818295653534544	0.8325546111576977	0.8253308619368737	0.8197356514326918	0.8281600584880047	0.8295543236324842	0.824006026254427	0.8293748456291368	0.8281565698452019	0.828805228189293	0.8325546111576977	0.8193616593026226	0.8325546111576977	0.8255413665801745	0.8162147017890806	0.8222680899802384	0.8267245646515109	0.8061603135335005	0.8180959248409839	0.8234377811464535	0.8325546111576978	0.8024504952828592	0.8110456010565399	0.7626180599659066	0.8325546111576977	0.8029922008645403	0.8018554600520987	0.827492464121216	0.7985808104631548	0.8113760675204779	0.8204725057842838	0.8111954165173256	0.8197383193729378	0.8188255913592886	0.816762369734212	0.8121082633196635	0.8234147900670483	0.8008560144872825	0.8192029444365525	0.8187190207133357	0.7474352539340468	0.8325546111576978	0.814266004525035	0.8169756139262705	0.8131999472071062	0.827902178100069	0.8325546111576977	0.8211060703183809	0.8287673334422795	0.8188442385917633	0.8225814953631717	0.8286796872031819	0.8325546111576977	0.8179041301150017	0.8168837230846369	0.8216927082622465	0.803793528124412	0.8212267527953682	0.8325546111576977	0.8256889928358915	0.807372209853231
12	0.82517122267137	0.8234029512930822	0.8325546111576978	0.8129490759783894	0.8325546111576978	0.8325546111576978	0.821148334026638	0.8325546111576978	0.8154714685594034	1.0	0.8273358295047729	0.8168683210028246	0.0	0.8263660593992458	0.8325546111576977	0.8325546111576978	0.8325546111576978	0.8163830578978615	0.8293439764983188	0.8325546111576978	0.8282528414566019	0.8325546111576978	0.8190042806592148	0.8325546111576978	0.8244258641364861	0.8325546111576978	0.8280667909907806	0.8325546111576978	0.8261480072301255	0.8150286985548765	0.8193930346525241	0.8325546111576978	0.8269810526142383	0.8078858776231176	0.8325546111576978	0.814725287088794	0.8260200959655116	0.8325546111576977	0.8325546111576978	0.8283356808876862	0.8325546111576978	0.8325546111576977	0.8175414314369642	0.8270075752514584	0.8325546111576978	0.8325546111576978	0.8178319851062561	0.8325546111576978	0.8325546111576977	0.8253710312024203	0.8271402256665389	0.8223821328029273	0.8256888689773422	0.8325546111576978	0.8325546111576978	0.8262515424625547	0.8325546111576978	0.8279908047741068	0.8230731326838138	0.827238948945261	0.8272032420101663	0.8186353072247129	0.8285044702336594	0.8179569759458497	0.8325546111576978	0.8266658009738694	0.8264337886233077	0.8325546111576978	0.8246077329998821	0.8267754051736578	0.8206894161654105	0.8325546111576978	0.8325546111576977	0.8279384259991577	0.8271878688281457	0.8215968319163642	0.8033880654420104	0.8325546111576978	0.8278667421250222	0.8020524454460269	0.8325546111576978	0.8285239049688207	0.822015962882916	0.8157213024991348	0.8274241203579136	0.8325546111576977	0.8325546111576978	0.8325546111576978	0.8275013835955649	0.823580928507454	0.8264184203435226	0.8325546111576978	0.8325546111576978	0.8325546111576978	0.8325546111576978	0.8262769754749876	0.8253357790806685	0.8189122928197418	0.8325546111576977	0.8325546111576978
13	0.7935458556388703	0.7951522997353011	0.8325546111576978	0.8226353189927524	0.8325546111576978	0.8164330515809368	0.8271597409121187	0.8325546111576977	0.8325546111576977	1.0	0.8325546111576977	0.8234160346760763	0.8263660593992458	0.0	0.8325546111576977	0.7931729451164583	0.8245997603587254	0.8325546111576978	0.8285511468048041	0.8325546111576978	0.8325546111576977	0.8268927683906445	0.8201617970314654	0.8154922778917146	0.8175266435208534	0.8229302800969052	0.8139841729946795	0.8217983439556081	0.8105025297584157	0.8140913144924796	0.8180340531385494	0.806749576457541	0.8325546111576978	0.8159597096413936	0.8325546111576977	0.7938599882261205	0.8029463917544727	0.7710666801685627	0.8006144089687847	0.7581749269385432	0.8278439102112156	0.8268480414154099	0.790723340900869	0.8197741656882388	0.8310422024326043	0.8081145847218831	0.8325546111576977	0.8325546111576977	0.8146506851936014	0.8159312693056802	0.808970777416458	0.8325546111576977	0.8198843847565103	0.8114498505431461	0.8149664219479837	0.8104605578825066	0.8038495288829416	0.7812171955790431	0.8123054356188228	0.8325546111576978	0.8031886614729922	0.7983072974418504	0.8252333936860085	0.8146969576097813	0.8154100343458011	0.8154360799046831	0.8184894746270719	0.8185709431606353	0.8259197761625096	0.8201667695898491	0.7734597349241528	0.8235511723627927	0.8229542505335212	0.8104027968534784	0.8208491371158708	0.8325546111576978	0.8110178089322173	0.8149965478500308	0.7628469606823943	0.8138214492092047	0.808945779169903	0.8261819885740419	0.8206709373916001	0.7650252673461125	0.8325546111576977	0.824922195728585	0.8252575362139072	0.8092920561182773	0.8138600004425964	0.8274872630749786	0.8076353818995156	0.8168902046856289	0.7331653486279502	0.8232101314309586	0.8175783931492759	0.8269350597398097	0.8108555193125266	0.8325546111576977	0.7498582146133619	0.8088592662830673
14	0.8325546111576977	0.8274503724855354	0.8254143540744674	0.8325546111576977	0.8325546111576977	0.8325546111576977	0.8325546111576977	0.8325546111576977	0.8325546111576977	1.0	0.8325546111576977	0.8325546111576977	0.8325546111576977	0.8325546111576977	0.0	0.8325546111576977	0.8291807268751488	0.814656816020228	0.8260583488100688	0.8325546111576977	0.8261550351592712	0.8275164718755121	0.8325546111576977	0.8325546111576977	0.8325546111576977	0.8252736021732929	0.8094757622194423	0.8259204872400183	0.8214289739515912	0.8246890294683067	0.8213860090378626	0.8189443600835989	0.8325546111576977	0.8292768208390988	0.8325546111576977	0.8135595736030664	0.8282203013649885	0.8325546111576977	0.8162978800550792	0.8267137078958361	0.8179136693236821	0.8189999246007263	0.8079753447073954	0.8325546111576977	0.8325546111576977	0.8288502530497754	0.8194515912591704	0.8276658836620042	0.8272137435806851	0.8187475462424125	0.8244567965516124	0.8325546111576977	0.8325546111576977	0.8325546111576977	0.8325546111576977	0.8201260306571961	0.8234707248178149	0.822773473482063	0.8270106897565076	0.8325546111576977	0.8325546111576977	0.8325546111576977	0.8325546111576977	0.8270292583496405	0.8266149059174626	0.8325546111576977	0.8001580531631979	0.82167345788231	0.824391006691379	0.8325546111576977	0.8325546111576977	0.8325546111576977	0.8290374983081039	0.8325546111576977	0.8210233968516589	0.8216080265550354	0.8325546111576977	0.8151219566961684	0.8276344958874973	0.8325546111576977	0.8325546111576977	0.8325546111576977	0.8194186856145421	0.8248771238257612	0.827403430768482	0.8325546111576977	0.8102674648680258	0.8272579477000492	0.8325546111576977	0.8283896147691768	0.8252898758417702	0.8325546111576977	0.827371651160899	0.8096407341381757	0.8325546111576977	0.8325546111576977	0.8325546111576977	0.8325546111576977	0.8229991559181156	0.8325546111576977
15	0.8284707882531159	0.8103031579907056	0.8325546111576978	0.826497594118746	0.8277548768431537	0.7854037532569804	0.8231143833060246	0.8325546111576977	0.8294392620440352	1.0	0.8325546111576977	0.8174501417071919	0.8325546111576978	0.7931729451164583	0.8325546111576977	0.0	0.8325546111576977	0.7974335622787957	0.8325546111576977	0.8325546111576978	0.8225289041913965	0.8225913143801535	0.7750919812584975	0.8220019538668901	0.7896973460578136	0.823337045137118	0.8186685218024972	0.8325546111576978	0.8290611330059814	0.8171687887716421	0.8151115924405089	0.813818877922258	0.8185172962901056	0.8325546111576977	0.813391204718792	0.7912675121821632	0.8139805286447682	0.8164365379971652	0.8325546111576977	0.8128837368731217	0.8325546111576977	0.8267798158021651	0.8085061371364627	0.8325546111576977	0.8325546111576977	0.8325546111576977	0.8283105958451289	0.8325546111576977	0.8048914545154785	0.8325546111576977	0.8325546111576978	0.8325546111576977	0.821837336793065	0.8325546111576977	0.8325546111576977	0.7992947956940569	0.8325546111576978	0.7742347534883731	0.8267843749556069	0.8325546111576978	0.8325546111576977	0.8116485067077973	0.8325546111576977	0.8325546111576977	0.8222697380726778	0.8325546111576978	0.8325546111576977	0.8325546111576978	0.8325546111576977	0.8261337248980187	0.6863934971847776	0.8325546111576977	0.8234069747052167	0.796776655268279	0.8261851115098051	0.8280041331829326	0.7978601723681701	0.8229854141021977	0.8108854146174536	0.8262408375489665	0.829387747444487	0.8285604655291748	0.816190686558895	0.8119139388483242	0.8325546111576977	0.828846596279289	0.8146642384645684	0.8036393338100675	0.8277344056209818	0.8325546111576977	0.8153635487714962	0.821517969717796	0.8101219861340825	0.8254306783471701	0.8193783103014202	0.7938952406068553	0.8185708403644928	0.8255788176104433	0.8126757639642282	0.8267389108225446
16	0.8282619144499204	0.8325546111576977	0.7210391190472466	0.8287475773900976	0.8282550661967466	0.8325546111576977	0.8325546111576977	0.8325546111576977	0.8325546111576977	1.0	0.8325546111576977	0.8325546111576977	0.8325546111576978	0.8245997603587254	0.8291807268751488	0.8325546111576977	0.0	0.8325546111576978	0.8093867702331938	0.8325546111576978	0.8230780842708502	0.8270292878318303	0.82897488144058	0.8220869389494129	0.8271860742091195	0.8325546111576977	0.8273010379646041	0.8265656705105628	0.8325546111576977	0.7838648649423511	0.8261700875922715	0.8325546111576977	0.8325546111576978	0.8273887909907508	0.8325546111576977	0.7919844233847733	0.8240403752218773	0.828457956513866	0.8325546111576977	0.8325546111576977	0.8273832047703293	0.8274445459285525	0.8264433994358975	0.810369990299063	0.831518713596573	0.8325546111576977	0.8325546111576977	0.8303969266897809	0.8325546111576977	0.8325546111576977	0.8325546111576978	0.8325546111576977	0.8240654330810326	0.8325546111576977	0.8231939125224941	0.826319028589912	0.8325546111576978	0.8325546111576977	0.828539411062445	0.8325546111576978	0.8285867190842291	0.8325546111576978	0.8325546111576977	0.8272190903870617	0.8325546111576977	0.8122643370386744	0.8325546111576977	0.8325546111576978	0.8325546111576977	0.8325546111576978	0.8325546111576978	0.8325546111576977	0.8287784764708904	0.8325546111576977	0.8266896373139567	0.8325546111576978	0.8325546111576977	0.8325546111576977	0.8265911381782238	0.8221185343262672	0.831315185950203	0.8325546111576977	0.8231063172786465	0.7909751648246276	0.8325546111576977	0.8291443150202035	0.8325546111576977	0.8210402596457959	0.8325546111576978	0.8325546111576977	0.8229569149036653	0.8325546111576977	0.8285133996248603	0.8254398151226072	0.8325546111576977	0.8286705016711162	0.8059265831623507	0.8325546111576977	0.7844976686428549	0.8289977817585866
17	0.8178247907867362	0.8219325247083019	0.8182842157375332	0.8325546111576977	0.8325546111576978	0.8325546111576978	0.8325546111576978	0.8325546111576978	0.8325546111576978	1.0	0.8325546111576978	0.8325546111576978	0.8163830578978615	0.8325546111576978	0.814656816020228	0.7974335622787957	0.8325546111576978	0.0	0.8325546111576978	0.8325546111576978	0.8200724550078871	0.8325546111576978	0.8325546111576978	0.8235268440105711	0.8042739423384131	0.8325546111576978	0.8103871953241795	0.8325546111576978	0.8271122200881379	0.7701000807902889	0.8325546111576977	0.8325546111576978	0.8325546111576978	0.8278143233023207	0.8272510308307809	0.8230738336665988	0.8325546111576978	0.8325546111576977	0.8325546111576978	0.8233334263205576	0.8325546111576978	0.8235200303624355	0.808000155320015	0.8325546111576977	0.8325546111576978	0.8249758236813444	0.8262939270229817	0.8295461363595089	0.8325546111576977	0.8273983649534127	0.8325546111576978	0.8270430178938267	0.8234528260746342	0.8325546111576978	0.8264135661714118	0.8136350035664448	0.8257174413282093	0.7837803290685754	0.8263656958138811	0.8325546111576978	0.8325546111576977	0.8325546111576978	0.8325546111576978	0.8325546111576977	0.827342583403575	0.8325546111576978	0.8325546111576978	0.8325546111576978	0.8325546111576978	0.8325546111576978	0.7799393072871221	0.8325546111576978	0.8275973593033038	0.8325546111576978	0.8325546111576978	0.8257595896305543	0.8181409695574128	0.8156497190348042	0.8179478025130357	0.8325546111576978	0.8280878363217531	0.8325546111576978	0.8247254852143323	0.8325546111576977	0.8325546111576978	0.8325546111576977	0.8195528233767131	0.8325546111576978	0.8325546111576978	0.8325546111576978	0.8138160230922555	0.8325546111576978	0.8325546111576978	0.8325546111576978	0.8325546111576978	0.8262807609057221	0.8325546111576977	0.8325546111576977	0.8325546111576977	0.8325546111576978
18	0.8234022858719652	0.8325546111576977	0.8146037286611764	0.820585000696842	0.8325546111576978	0.8230876047085917	0.830018314393387	0.8325546111576977	0.8229411373739015	1.0	0.8298473553185574	0.8154968809415778	0.8293439764983188	0.8285511468048041	0.8260583488100688	0.8325546111576977	0.8093867702331938	0.8325546111576978	0.0	0.8268086233421682	0.8325546111576977	0.8325546111576977	0.829053516516431	0.8325546111576977	0.8217614837194102	0.8297603387919543	0.824171030902075	0.8233261641553644	0.8325546111576977	0.8131753750255248	0.8291625688392401	0.8282925501634996	0.8277259999096318	0.8302178113904494	0.8217576861160485	0.8064365964430523	0.8213840742005285	0.8232750940244342	0.8277384571609833	0.822618256452821	0.809089581675508	0.8215886861694541	0.825715834580185	0.8240249088402868	0.829166583770243	0.8179564791973135	0.8236843725181818	0.8235639098117578	0.827978221029106	0.8240698415836908	0.8325546111576978	0.8325546111576977	0.8295676589640971	0.8298553133921808	0.8296841044768781	0.8240347182275923	0.8215609899226483	0.8249368939609976	0.808279716944548	0.8325546111576978	0.8225215043872641	0.8097927082768207	0.8261679214893114	0.8259882821076676	0.8240398359055009	0.8173053302145207	0.824949826431656	0.8325546111576978	0.8164787010925365	0.8265089659071237	0.8266526212095691	0.8325546111576977	0.8302253760803452	0.8135570286986116	0.8155367103417115	0.8301647190465019	0.825954084001561	0.8102706522075538	0.8255675221535923	0.8245860390315218	0.8225121109898381	0.8325546111576977	0.8169322502923575	0.8141327590028304	0.8272097496631647	0.8254954720214072	0.8238219310942407	0.8149859083943761	0.8325546111576978	0.8301320944382026	0.8325546111576977	0.8254840731723375	0.8230375430433549	0.8260387913130942	0.8218604679689125	0.813469952602044	0.8226477225701859	0.8233014047571933	0.8210087294411035	0.8325546111576978
19	0.8325546111576978	0.8325546111576978	0.8156928793843602	0.8325546111576977	0.8236477711007242	0.8325546111576978	0.8151686382965398	0.8325546111576978	0.8294935417701249	1.0	0.8325546111576978	0.8325546111576978	0.8325546111576978	0.8325546111576978	0.8325546111576977	0.8325546111576978	0.8325546111576978	0.8325546111576978	0.8268086233421682	0.0	0.8325546111576978	0.8229457562074453	0.8196074476493094	0.827454666631109	0.8180196572841021	0.8273133893246946	0.8325546111576978	0.8325546111576978	0.8325546111576978	0.8108143615549217	0.8096280508832434	0.8325546111576978	0.8325546111576978	0.826177355881506	0.8325546111576978	0.8207162057908726	0.8325546111576978	0.8325546111576977	0.8275259223664064	0.8325546111576978	0.8325546111576978	0.8325546111576977	0.8325546111576978	0.8325546111576977	0.8325546111576978	0.8325546111576978	0.8325546111576978	0.829859595218724	0.817362385147338	0.8325546111576978	0.8325546111576978	0.8325546111576978	0.8325546111576977	0.8325546111576978	0.8224521073556786	0.8325546111576978	0.8325546111576978	0.8325546111576978	0.8325546111576978	0.8325546111576978	0.8279098207039841	0.8284249630513592	0.8325546111576978	0.8325546111576977	0.8082844449673724	0.8180889820039273	0.8325546111576978	0.8325546111576978	0.8279305353160399	0.7836806629686955	0.8325546111576978	0.8119018172322778	0.8325546111576977	0.8325546111576978	0.8325546111576978	0.8282792689577795	0.8325546111576977	0.8325546111576978	0.8325546111576978	0.8325546111576978	0.8302321345900645	0.8325546111576978	0.825813309187202	0.823810764277969	0.8211988479934484	0.8127613384374024	0.8147654070732051	0.8325546111576978	0.8325546111576978	0.8205227764998237	0.8325546111576978	0.8194033012591054	0.8325546111576978	0.8141545647289327	0.8325546111576978	0.8325546111576977	0.8206472973836412	0.8325546111576977	0.8325546111576977	0.8325546111576978
20	0.8325546111576977	0.8325546111576977	0.8325546111576978	0.8284184075691413	0.8261738521073484	0.8325546111576977	0.8259729343855077	0.8325546111576977	0.8244996186897485	1.0	0.8325546111576977	0.8325546111576977	0.8282528414566019	0.8325546111576977	0.8261550351592712	0.8225289041913965	0.8230780842708502	0.8200724550078871	0.8325546111576977	0.8325546111576978	0.0	0.8325546111576977	0.8325546111576977	0.8325546111576977	0.8210918695110219	0.8325546111576977	0.8325546111576977	0.8251986858356561	0.8253784662803101	0.8253021639329472	0.8159792423189949	0.8325546111576977	0.8325546111576978	0.8169133761238658	0.828810040465238	0.8325546111576977	0.8325546111576977	0.8325546111576977	0.8325546111576977	0.82549300282713	0.8325546111576977	0.8325546111576977	0.8284335684578166	0.8148419049380702	0.8314313927680657	0.8325546111576977	0.8268079861031817	0.8325546111576977	0.8325546111576977	0.8325546111576977	0.8325546111576978	0.8325546111576977	0.8325546111576977	0.815789298418317	0.8325546111576977	0.8265075869351171	0.8325546111576978	0.8325546111576977	0.8325546111576977	0.8325546111576978	0.8325546111576977	0.8267165381261965	0.8290242547165894	0.8083937054294097	0.8325546111576977	0.8325546111576978	0.8005811496405671	0.8325546111576978	0.8325546111576977	0.8325546111576978	0.8197616792876861	0.8325546111576977	0.8325546111576977	0.8325546111576977	0.8265210392379336	0.8325546111576978	0.802856480024037	0.8325546111576977	0.8325546111576977	0.8267990167209192	0.8325546111576978	0.8325546111576977	0.8325546111576978	0.8325546111576977	0.8206136351755821	0.8265528629531846	0.8031321882020559	0.8325546111576978	0.8325546111576978	0.8325546111576977	0.8265435101476899	0.8325546111576977	0.8325546111576977	0.8267492978343302	0.8325546111576977	0.8278389992372522	0.8325546111576977	0.8268809837016076	0.8325546111576977	0.8325546111576978
21	0.8325546111576977	0.8269844511059199	0.8325546111576978	0.8325546111576977	0.8276688044634352	0.8228668514712605	0.8160487321288538	0.8325546111576977	0.8226934651950857	1.0	0.8325546111576977	0.8277943217137664	0.8325546111576978	0.8268927683906445	0.8275164718755121	0.8225913143801535	0.8270292878318303	0.8325546111576978	0.8325546111576977	0.8229457562074453	0.8325546111576977	0.0	0.8007811374868061	0.8253133014208225	0.8250421978081436	0.8222807722972646	0.8325546111576977	0.8325546111576978	0.8206515052581644	0.8325546111576977	0.8192554166861574	0.8325546111576977	0.8277510515781388	0.822726347222259	0.825130758386075	0.8069157311745804	0.8243440107121194	0.8269823171300769	0.8325546111576977	0.8325546111576977	0.821121517583671	0.8325546111576977	0.8325546111576977	0.8289945817379313	0.8325546111576977	0.8325546111576977	0.8325546111576977	0.8290392072960907	0.8191169259224566	0.8325546111576977	0.8242023274225868	0.820111597404056	0.8102270868160831	0.8139109636373065	0.8325546111576977	0.8163433908858427	0.8325546111576978	0.7976692445026592	0.8276555964365522	0.8325546111576978	0.8325546111576977	0.8325546111576978	0.8325546111576977	0.8325546111576977	0.8164237123274583	0.8325546111576978	0.8325546111576977	0.8325546111576978	0.8191466614435539	0.7990746849261157	0.7906077095336155	0.8172966816097954	0.8285263495403968	0.8202412036570688	0.8325546111576978	0.8325546111576978	0.8185414035913486	0.8223236029467974	0.8252181585593996	0.80863619979897	0.8268018961703842	0.8128965882367225	0.8325546111576978	0.8146295464909605	0.8325546111576977	0.8270818858340813	0.7967140070840292	0.8325546111576978	0.8095927694999128	0.8265249237735324	0.8115144862375815	0.8325546111576977	0.8196581412805649	0.8182283898979205	0.8325546111576977	0.8271047070935964	0.8283571182874766	0.8325546111576977	0.8254214930945365	0.826609435381481
