	0	1	2	3	4	5	6	7	8	9	10	11	12	13	14	15	16	17	18	19	20	21	22	23	24	25	26	27	28	29	30	31	32	33	34	35	36	37	38	39	40	41	42	43	44	45	46	47	48	49	50	51	52	53	54	55	56	57	58	59	60	61	62	63	64	65	66	67	68	69	70	71	72	73	74	75	76	77	78	79	80	81	82	83	84	85	86	87	88	89	90	91	92	93	94	95	96	97	98	99
0	1.0	1.0	1.0	1.0	1.0	1.0	1.0	1.0	1.0	1.0	1.0	1.0	1.0	1.0	1.0	1.0	1.0	1.0	1.0	1.0	1.0	1.0	1.0	1.0	1.0	1.0	1.0	1.0	1.0	1.0	1.0	1.0	1.0	1.0	1.0	1.0	1.0	1.0	1.0	1.0	1.0	1.0	1.0	1.0	1.0	1.0	1.0	1.0	1.0	1.0	1.0	1.0	1.0	1.0	1.0	1.0	1.0	1.0	1.0	1.0	1.0	1.0	1.0	1.0	1.0	1.0	1.0	1.0	1.0	1.0	1.0	1.0	1.0	1.0	1.0	1.0	1.0	1.0	1.0	1.0	1.0	1.0	1.0	1.0	1.0	1.0	1.0	1.0	1.0	1.0	1.0	1.0	1.0	1.0	1.0	1.0	1.0	1.0	1.0	1.0
1	1.0	1.0	1.0	1.0	1.0	1.0	1.0	1.0	1.0	1.0	1.0	1.0	1.0	1.0	1.0	1.0	1.0	1.0	1.0	1.0	1.0	1.0	1.0	1.0	1.0	1.0	1.0	1.0	1.0	1.0	1.0	1.0	1.0	1.0	1.0	1.0	1.0	1.0	1.0	1.0	1.0	1.0	1.0	1.0	1.0	1.0	1.0	1.0	1.0	1.0	1.0	1.0	1.0	1.0	1.0	1.0	1.0	1.0	1.0	1.0	1.0	1.0	1.0	1.0	1.0	1.0	1.0	1.0	1.0	1.0	1.0	1.0	1.0	1.0	1.0	1.0	1.0	1.0	1.0	1.0	1.0	1.0	1.0	1.0	1.0	1.0	1.0	1.0	1.0	1.0	1.0	1.0	1.0	1.0	1.0	1.0	1.0	1.0	1.0	1.0
2	1.0	1.0	0.0	1.0	1.0	0.8293265992070309	0.8231829583741382	0.8325546111576978	0.8300612128282667	0.8272919192439311	0.8325546111576977	0.8325546111576977	0.8287370471641602	0.8325546111576977	0.8325546111576977	0.8325546111576978	0.8231741595162546	0.8293897896715766	0.829706013148965	0.8300741718430719	0.8325546111576978	0.8325546111576977	0.8293117050352071	0.8325546111576978	0.826927488244383	0.8325546111576977	0.8325546111576977	0.8325546111576977	0.8325546111576977	0.8325546111576978	0.8291175340052938	0.8238274584287351	0.8325546111576977	0.8325546111576977	1.0	0.8325546111576978	0.8225348005960824	0.8325546111576977	0.8325546111576977	0.8325546111576977	0.8325546111576978	0.8325546111576977	0.8102771733057995	0.8325546111576977	0.8325546111576977	0.8325546111576977	0.8325546111576977	0.8325546111576977	0.8276602252070782	0.8325546111576977	0.8275781955746325	0.8292675596711014	0.8245380582846923	0.8325546111576978	0.8275799287745914	0.8325546111576978	0.8289728980518588	0.8216149068869226	0.8286809313161374	0.8325546111576977	0.8325546111576977	0.8325546111576977	0.8282468203322281	0.8325546111576977	0.827829697548331	0.8269269562800128	0.822367590603758	0.8325546111576978	0.8292198223658287	0.8325546111576977	0.828062339432467	0.8275827092037673	0.8224845618260694	0.8290770854319951	0.8291292058281752	0.8290745760849906	0.8282232106211581	0.8163522363856496	0.8281288045860211	0.8325546111576977	0.8283020792114703	0.8325546111576977	0.8192323556752554	0.8288140835031541	0.8325546111576977	0.8325546111576977	0.8226634827621844	0.8325546111576977	0.8325546111576977	0.8287052861511401	0.8325546111576977	0.8272954302755984	0.8273758344913832	0.8325546111576978	0.8214335554021196	0.8288776692962567	0.8108976030312939	0.8325546111576977	0.8325546111576977	0.8202227846775056
3	1.0	1.0	1.0	1.0	1.0	1.0	1.0	1.0	1.0	1.0	1.0	1.0	1.0	1.0	1.0	1.0	1.0	1.0	1.0	1.0	1.0	1.0	1.0	1.0	1.0	1.0	1.0	1.0	1.0	1.0	1.0	1.0	1.0	1.0	1.0	1.0	1.0	1.0	1.0	1.0	1.0	1.0	1.0	1.0	1.0	1.0	1.0	1.0	1.0	1.0	1.0	1.0	1.0	1.0	1.0	1.0	1.0	1.0	1.0	1.0	1.0	1.0	1.0	1.0	1.0	1.0	1.0	1.0	1.0	1.0	1.0	1.0	1.0	1.0	1.0	1.0	1.0	1.0	1.0	1.0	1.0	1.0	1.0	1.0	1.0	1.0	1.0	1.0	1.0	1.0	1.0	1.0	1.0	1.0	1.0	1.0	1.0	1.0	1.0	1.0
4	1.0	1.0	1.0	1.0	1.0	1.0	1.0	1.0	1.0	1.0	1.0	1.0	1.0	1.0	1.0	1.0	1.0	1.0	1.0	1.0	1.0	1.0	1.0	1.0	1.0	1.0	1.0	1.0	1.0	1.0	1.0	1.0	1.0	1.0	1.0	1.0	1.0	1.0	1.0	1.0	1.0	1.0	1.0	1.0	1.0	1.0	1.0	1.0	1.0	1.0	1.0	1.0	1.0	1.0	1.0	1.0	1.0	1.0	1.0	1.0	1.0	1.0	1.0	1.0	1.0	1.0	1.0	1.0	1.0	1.0	1.0	1.0	1.0	1.0	1.0	1.0	1.0	1.0	1.0	1.0	1.0	1.0	1.0	1.0	1.0	1.0	1.0	1.0	1.0	1.0	1.0	1.0	1.0	1.0	1.0	1.0	1.0	1.0	1.0	1.0
5	1.0	1.0	0.8293265992070309	1.0	1.0	0.0	0.8292849662692359	0.8325546111576978	0.8286738965014142	0.8235061004131965	0.8325546111576977	0.8242949767697275	0.8235231136410296	0.828689414307487	0.8325546111576977	0.8325546111576978	0.8294550928145464	0.8302813078315843	0.8305202279828037	0.8304618560098361	0.8325546111576978	0.8325546111576977	0.8192974998749112	0.8291923721793385	0.8325546111576978	0.8325546111576977	0.8325546111576977	0.8226749677390334	0.8325546111576977	0.8284488385961414	0.8208589202181058	0.8226041451464553	0.8158490973743094	0.8290871157957187	1.0	0.8325546111576978	0.8192170408827354	0.8076750867433999	0.8325546111576977	0.8325546111576977	0.8325546111576978	0.8325546111576977	0.8289597837078209	0.8189747047132325	0.8227864595623894	0.8277864471793696	0.8299588993599216	0.8256743005801069	0.8250137148670454	0.8325546111576977	0.8187521250465198	0.8297439471431491	0.8260752054818845	0.8325546111576978	0.8070305284534255	0.8325546111576978	0.8239229367614439	0.8325546111576977	0.8265118258075824	0.8296363235736168	0.8297932804145141	0.8325546111576977	0.8267716311394291	0.8270388485429154	0.8213296012746769	0.8289411695752382	0.8219018063765433	0.8300143268759625	0.8325546111576977	0.8263103701553259	0.7732046979775309	0.8279437138718805	0.81606303322918	0.8290075056010398	0.8249289649279697	0.8191863523468097	0.8206350904543666	0.7977828032149067	0.8325546111576978	0.8272420374598516	0.7790853194031889	0.8221973876042962	0.8292858343585234	0.8243407146111095	0.8325546111576977	0.8239850968530453	0.8193435137891824	0.8112446742796445	0.8149533512924171	0.8271789499489149	0.8325546111576977	0.8265419376306138	0.8292359972681621	0.8204341177582829	0.8277987081690138	0.8189245645623702	0.8293932847611217	0.8227113130430913	0.819436303039873	0.8204628029087323
6	1.0	1.0	0.8231829583741382	1.0	1.0	0.8292849662692359	0.0	0.8325546111576978	0.7987590361952424	0.7774338751638429	0.8296103091077963	0.8325546111576978	0.8087940174842738	0.8275319373065527	0.8325546111576978	0.825637083381566	0.8115317599417958	0.8325546111576978	0.826038191555948	0.8325546111576978	0.8178924029615283	0.8276485561738619	0.8325546111576978	0.8325546111576978	0.8325546111576978	0.8178242927682582	0.7852149849444875	0.8325546111576977	0.8261610469641613	0.8239702976757513	0.8231580895848806	0.8325546111576978	0.8143046554800905	0.8280600436836906	1.0	0.8194844768021278	0.8122745501877092	0.7801693144759319	0.8325546111576978	0.8191689727653346	0.8325546111576978	0.8325546111576978	0.8008700951360979	0.82369604583134	0.8325546111576977	0.8252013732461433	0.8325546111576977	0.8325546111576977	0.8325546111576978	0.796155495773542	0.7875073155839065	0.8165428140871289	0.8230532078728855	0.8284373113716963	0.8103318934148052	0.8255499243344375	0.827724035732704	0.8194994396968475	0.7878300193036786	0.8325546111576977	0.8325546111576977	0.812639053309792	0.8139429162530593	0.8158752948964904	0.8325546111576978	0.82683406552408	0.8256211383655537	0.8325546111576978	0.8267598230463099	0.818526696700025	0.8050566865635219	0.8177409490999454	0.8071982789962335	0.8271918833321451	0.8090060921333312	0.8278801206509013	0.8256408743775867	0.822529047927363	0.8325546111576978	0.8206410598163124	0.819794743507415	0.8075035263618419	0.740019188820957	0.8216724038183014	0.8267016003764445	0.8255938666028224	0.8177783379780876	0.7747511888818862	0.8103557399967067	0.8134513211673462	0.8064258146849778	0.8248361957605221	0.8258358101419334	0.8145638420765968	0.7726556822672523	0.8222364370006675	0.8050376204891785	0.8249067944617597	0.7956794885223599	0.8325546111576978
7	1.0	1.0	0.8325546111576978	1.0	1.0	0.8325546111576978	0.8325546111576978	0.0	0.8325546111576978	0.8325546111576978	0.8325546111576978	0.8325546111576978	0.8325546111576978	0.8325546111576977	0.8325546111576978	0.8325546111576978	0.8325546111576978	0.8325546111576978	0.8325546111576978	0.8325546111576978	0.8325546111576978	0.8325546111576978	0.8325546111576978	0.8325546111576978	0.8325546111576978	0.8325546111576978	0.8325546111576978	0.8325546111576977	0.8325546111576977	0.8325546111576978	0.8325546111576978	0.8325546111576978	0.8325546111576978	0.8325546111576977	1.0	0.8325546111576978	0.8325546111576977	0.8325546111576978	0.8325546111576978	0.8325546111576978	0.8325546111576978	0.8325546111576978	0.8325546111576978	0.8325546111576977	0.8325546111576977	0.8325546111576978	0.8325546111576977	0.825086491430286	0.8325546111576978	0.8325546111576978	0.8325546111576978	0.8325546111576978	0.8325546111576977	0.8325546111576978	0.8325546111576978	0.8325546111576978	0.8225583877877437	0.8240271616631424	0.8200611829527311	0.8325546111576977	0.8325546111576977	0.8325546111576978	0.8325546111576978	0.8325546111576977	0.8325546111576978	0.8325546111576978	0.8325546111576978	0.8325546111576978	0.8325546111576978	0.8325546111576978	0.8325546111576978	0.8325546111576978	0.8226101219089758	0.8325546111576978	0.8325546111576978	0.8325546111576977	0.8325546111576978	0.8325546111576977	0.8325546111576978	0.8325546111576978	0.8325546111576977	0.8325546111576977	0.8325546111576978	0.8325546111576978	0.8325546111576978	0.8325546111576978	0.8325546111576978	0.8325546111576978	0.8325546111576978	0.8325546111576978	0.8325546111576977	0.8325546111576977	0.8325546111576978	0.8325546111576978	0.8325546111576978	0.8325546111576978	0.8325546111576978	0.8325546111576978	0.8325546111576978	0.8325546111576978
8	1.0	1.0	0.8300612128282667	1.0	1.0	0.8286738965014142	0.7987590361952424	0.8325546111576978	0.0	0.7947599270639737	0.8268848616312072	0.8243669107418228	0.78673972737799	0.8279495099522374	0.8325546111576977	0.8217395283186991	0.8082488862523826	0.8211774177088357	0.8299559014430513	0.8278213104676734	0.8325546111576978	0.8257760609095959	0.8258903980537078	0.8325546111576978	0.8285765112255448	0.8256178372534896	0.7922713994355522	0.8181772204056061	0.8291528228481445	0.8138735482750624	0.8170922829049831	0.8325546111576977	0.8172402719068962	0.8325546111576977	1.0	0.8325546111576978	0.8113559204967367	0.8039430054854654	0.8325546111576977	0.8175233698998865	0.8325546111576978	0.8100444334223618	0.7713078321973194	0.8135736934149662	0.8297009269664838	0.823636355037462	0.8252375590709682	0.8293432980076433	0.824629724475959	0.8070969575357707	0.8215168864519706	0.819410537770622	0.820310839218112	0.8256003916000887	0.8230634892193132	0.8279992398152571	0.8325546111576977	0.8151936809479167	0.8065355650064983	0.8239916146054319	0.8294771460809546	0.8092933005215565	0.8192224539088176	0.8067582249375641	0.828868310243794	0.8325546111576978	0.8226728714135703	0.8265310978909358	0.8292990373899541	0.8144632971161962	0.8296287497815166	0.8137070974215278	0.8294397984614255	0.8325546111576977	0.8299574156125428	0.8325546111576977	0.8291345035706962	0.8294716208177388	0.8225964086350137	0.817932093720665	0.8325546111576977	0.8292204819998271	0.7743567456191144	0.8247562053703831	0.8273756396228051	0.8219468336432451	0.8325546111576978	0.8015785677653281	0.8159313620013529	0.8072936878608569	0.8105227821096799	0.8145668403089167	0.8197149506338898	0.8237665096807592	0.7827905627986788	0.8325546111576978	0.824892769743532	0.8325546111576977	0.8033074952142896	0.8258837295751651
9	1.0	1.0	0.8272919192439311	1.0	1.0	0.8235061004131965	0.7774338751638429	0.8325546111576978	0.7947599270639737	0.0	0.8302589835976697	0.8325546111576977	0.8056015459005664	0.8153239647131578	0.8325546111576977	0.8325546111576978	0.8243539218430238	0.8267931022014534	0.8295469463654743	0.82741917905154	0.8240902827621017	0.8325546111576977	0.8325546111576977	0.8325546111576978	0.8203990163159238	0.8325546111576977	0.8288305171145909	0.8325546111576977	0.8325546111576977	0.8325546111576978	0.8173447929264209	0.8325546111576977	0.8191959516422656	0.8287242139458071	1.0	0.8283840154984081	0.808723296388405	0.8115603375052184	0.8325546111576977	0.8111186210073589	0.8325546111576978	0.809205056045099	0.8003976283596367	0.8084859669932779	0.8234592952755836	0.8151010371169041	0.8216537127886249	0.8258097639353535	0.8280791293241682	0.8248087873018588	0.8184350125466406	0.827028208976516	0.8296094206176946	0.8279279827980769	0.8173470824746695	0.8280968439442553	0.8224703380883442	0.8056783941526174	0.8133194804579568	0.819591605912182	0.8279372195178335	0.8100570732949702	0.8263646376765265	0.8198889873384732	0.818371189521581	0.8177921447816042	0.8285228455366017	0.828882706768957	0.8232803444217829	0.8168180058346077	0.8128335977832928	0.8281023905947548	0.8264719452400141	0.8283932376675208	0.824507981049397	0.8214944864607775	0.8325546111576977	0.8325546111576977	0.8199122468637322	0.8325546111576977	0.8234405483111971	0.8253585044303533	0.7861419300355544	0.8107913593979599	0.8090257678623869	0.8099226157495582	0.821695260544423	0.8170049388808851	0.8325546111576977	0.8203943912455678	0.8251015574518089	0.8325546111576977	0.8325546111576977	0.8235453514022272	0.7798716167852517	0.8182425204745648	0.8165207427509168	0.8325546111576977	0.8132472751685568	0.8179848112397093
10	1.0	1.0	0.8325546111576977	1.0	1.0	0.8325546111576977	0.8296103091077963	0.8325546111576978	0.8268848616312072	0.8302589835976697	0.0	0.8294002112689168	0.8291585999215352	0.8325546111576977	0.8325546111576977	0.8325546111576978	0.8273582661759736	0.8325546111576977	0.828377966065503	0.8325546111576977	0.8325546111576978	0.8245756647452633	0.8325546111576977	0.829911973108206	0.828622730154906	0.8325546111576977	0.8325546111576977	0.8304086861076798	0.8295978548715465	0.8325546111576978	0.8325546111576978	0.8325546111576977	0.8066675579337423	0.8291343006397859	1.0	0.8325546111576978	0.8206388202291136	0.8325546111576977	0.8325546111576977	0.8325546111576977	0.827878425260553	0.8325546111576977	0.8287744427575233	0.8325546111576977	0.8256650472315527	0.8325546111576977	0.8296252683491149	0.8325546111576977	0.8274824961701597	0.8325546111576977	0.8290874425816601	0.8297165767995137	0.8304420377712309	0.8303507458217728	0.8290890598244585	0.8325546111576978	0.8325546111576977	0.8325546111576977	0.8288665295746642	0.8325546111576977	0.8265654665827712	0.8325546111576977	0.8251315036610721	0.8208924266072348	0.8249159826262104	0.8325546111576978	0.8163047530651656	0.8325546111576978	0.8220386320016688	0.8188429814451342	0.8124406853895174	0.7825212633732203	0.8297763467452205	0.8325546111576977	0.8325546111576977	0.8325546111576977	0.825652921948055	0.8265510913401031	0.8325546111576978	0.8325546111576977	0.8325546111576977	0.8269704705156301	0.8300915402547738	0.8176696202121402	0.8311335003526292	0.8325546111576977	0.8325546111576978	0.8282694256686781	0.8271344842777584	0.8264564182395834	0.8286331937407865	0.8325546111576977	0.8266624746780559	0.8325546111576978	0.8325546111576977	0.8301656148547834	0.8325546111576977	0.8262385061210694	0.8325546111576977	0.8325546111576977
11	1.0	1.0	0.8325546111576977	1.0	1.0	0.8242949767697275	0.8325546111576978	0.8325546111576978	0.8243669107418228	0.8325546111576977	0.8294002112689168	0.0	0.7997522241712659	0.8325546111576977	0.8325546111576977	0.8325546111576978	0.8145264850603127	0.8284283781745744	0.8301554579693302	0.830081332691533	0.8325546111576978	0.8325546111576977	0.8290482120120072	0.8237360456526768	0.8325546111576978	0.8253353858559742	0.8325546111576977	0.8325546111576977	0.8325546111576977	0.8123836449354785	0.8325546111576978	0.8325546111576977	0.8325546111576977	0.8325546111576977	1.0	0.8325546111576978	0.8325546111576977	0.8069551568488285	0.8325546111576977	0.8325546111576977	0.8325546111576978	0.8242493743878753	0.8210563942802219	0.8224802817455591	0.8325546111576977	0.8325546111576977	0.8287509529366337	0.8325546111576977	0.8301847745165442	0.8286676780278943	0.8325546111576978	0.8325546111576977	0.8267935138768151	0.8285241685384681	0.8191531595474434	0.827748108782014	0.8325546111576977	0.8281209159524946	0.8126608382823335	0.8325546111576977	0.8325546111576977	0.8325546111576977	0.8325546111576977	0.828828608654361	0.8325546111576978	0.8258742433115255	0.8281766745643901	0.8325546111576978	0.8325546111576977	0.8325546111576977	0.8271695093395983	0.8276021603460473	0.8325546111576977	0.8325546111576977	0.8325546111576977	0.8199374436831178	0.8192009788439976	0.8325546111576977	0.8325546111576978	0.8325546111576977	0.8325546111576977	0.8325546111576977	0.8276333984504746	0.8325546111576978	0.8325546111576977	0.8177301302134121	0.8325546111576978	0.8176487395521942	0.8325546111576977	0.8325546111576977	0.8165911750933597	0.827816679390937	0.8325546111576977	0.8325546111576978	0.8198784886409036	0.827426775964847	0.8325546111576977	0.8325546111576977	0.8066485288090308	0.8325546111576977
12	1.0	1.0	0.8287370471641602	1.0	1.0	0.8235231136410296	0.8087940174842738	0.8325546111576978	0.78673972737799	0.8056015459005664	0.8291585999215352	0.7997522241712659	0.0	0.8254440710359813	0.8286634369284107	0.8208338680672355	0.7935946958746816	0.8325546111576978	0.8325546111576978	0.8325546111576978	0.8325546111576978	0.8283332256662074	0.8325546111576978	0.8325546111576978	0.8325546111576978	0.8068041550960156	0.8015792476430668	0.8035329000692147	0.8243396186136309	0.7827870301372623	0.8164346238004455	0.8061887196777302	0.816761733522295	0.8325546111576977	1.0	0.8280761593679449	0.7717898889088197	0.7584709135686503	0.8325546111576978	0.821139787040749	0.8325546111576978	0.8151583663185205	0.7711692086902656	0.7923996798680935	0.8259385034402829	0.8270676631978521	0.8238985325966793	0.8299019707973749	0.8217842915560808	0.7947593023726829	0.8278207587970919	0.8220892546119057	0.8279916741141344	0.8194859718930979	0.7596765655811308	0.8265414419893423	0.8325546111576977	0.8115180222767596	0.7833300521954079	0.8212846738569902	0.7926406988381935	0.7863463783068176	0.801970851199788	0.8199471939941188	0.814509179098853	0.8168057285938772	0.8055629581775795	0.8012406673442716	0.8005121565783904	0.8112638325086426	0.8216277487426055	0.8110563080556772	0.8283169848060319	0.8325546111576978	0.8057628944971181	0.7968706142441907	0.8066525316036248	0.8155089992633305	0.8263428047767296	0.8281398801421898	0.826472047598106	0.8325546111576977	0.778985197300646	0.8167702393768597	0.8148030096172427	0.7869796602277757	0.8325546111576978	0.805620667076908	0.8102277814154967	0.8157391092644917	0.8232301851835919	0.8236482121991696	0.8070933886837214	0.8273489698476528	0.7656602937263878	0.8012788129742169	0.7902567019321416	0.8103981336172479	0.7773584626955042	0.803754124928449
13	1.0	1.0	0.8325546111576977	1.0	1.0	0.828689414307487	0.8275319373065527	0.8325546111576977	0.8279495099522374	0.8153239647131578	0.8325546111576977	0.8325546111576977	0.8254440710359813	0.0	0.8265965946998761	0.8265492448282385	0.8325546111576977	0.8303018030033075	0.8293552265711046	0.8260455743144944	0.8325546111576977	0.8217872474401271	0.829508447632055	0.8325546111576977	0.8325546111576977	0.8325546111576977	0.8325546111576977	0.8241582487081257	0.8131607789190629	0.8325546111576977	0.8237458930487466	0.8325546111576977	0.8214678566881184	0.8325546111576977	1.0	0.8325546111576977	0.808789310011639	0.8283794250237625	0.8325546111576977	0.80114176713304	0.8325546111576977	0.7813123166215254	0.8289609704144552	0.8325546111576977	0.825776711276237	0.8080669208642584	0.8268637698023442	0.8282844560561672	0.8216365516708578	0.8283707612467417	0.8129211009377872	0.8325546111576977	0.8325546111576977	0.8325546111576977	0.816956664346137	0.8269915738651656	0.8240588481171328	0.8161270976770956	0.8107930587360815	0.8325546111576977	0.828531859535561	0.8325546111576977	0.8325546111576977	0.8246290139588991	0.8125547278055861	0.8325546111576977	0.8262238836855985	0.8325546111576977	0.8325546111576977	0.825150187107976	0.8145266114687729	0.8325546111576977	0.8219820735607373	0.8325546111576977	0.8240374945174943	0.8325546111576977	0.8259295389100462	0.8132391109115589	0.8325546111576977	0.8325546111576977	0.8237225421832335	0.8180837212628532	0.8325546111576977	0.8182439370836594	0.8257222507370215	0.8215216442514843	0.8325546111576977	0.8325546111576977	0.8283494082316154	0.8325546111576977	0.8325546111576977	0.8268190593869814	0.827634878005109	0.8206566293798838	0.8107861423426832	0.8325546111576977	0.8325546111576977	0.8285683214507636	0.8325546111576977	0.8174557468401835
14	1.0	1.0	0.8325546111576977	1.0	1.0	0.8325546111576977	0.8325546111576978	0.8325546111576978	0.8325546111576977	0.8325546111576977	0.8325546111576977	0.8325546111576977	0.8286634369284107	0.8265965946998761	0.0	0.8325546111576978	0.8325546111576977	0.8325546111576977	0.8325546111576978	0.8325546111576977	0.8325546111576978	0.8325546111576977	0.8325546111576977	0.8325546111576978	0.8325546111576978	0.8325546111576977	0.8325546111576977	0.8325546111576977	0.8325546111576977	0.8325546111576978	0.8305986978283042	0.8325546111576977	0.8325546111576977	0.8325546111576977	1.0	0.8325546111576978	0.8325546111576977	0.8325546111576977	0.8325546111576977	0.8325546111576977	0.8325546111576978	0.8325546111576977	0.8325546111576978	0.8325546111576977	0.8325546111576977	0.8325546111576977	0.8325546111576977	0.8290876578037047	0.8325546111576977	0.8325546111576977	0.8325546111576978	0.8325546111576977	0.8325546111576977	0.8325546111576978	0.8325546111576977	0.8325546111576978	0.8325546111576977	0.8325546111576977	0.8325546111576977	0.8325546111576977	0.8274846295294109	0.8325546111576977	0.8325546111576977	0.8325546111576977	0.8325546111576978	0.8325546111576978	0.8278242611967174	0.814366593026054	0.8325546111576977	0.8325546111576977	0.8325546111576978	0.8325546111576977	0.8325546111576977	0.8325546111576977	0.8325546111576977	0.8325546111576977	0.827824053462232	0.8325546111576977	0.8325546111576978	0.8325546111576977	0.8325546111576977	0.8325546111576977	0.8325546111576977	0.8259186125968448	0.829928777337419	0.8325546111576977	0.8325546111576978	0.8325546111576977	0.8205941416518637	0.8325546111576977	0.8325546111576977	0.8325546111576977	0.8325546111576977	0.8325546111576978	0.8325546111576977	0.8325546111576978	0.8325546111576977	0.8325546111576977	0.8325546111576977	0.8325546111576977
15	1.0	1.0	0.8325546111576978	1.0	1.0	0.8325546111576978	0.825637083381566	0.8325546111576978	0.8217395283186991	0.8325546111576978	0.8325546111576978	0.8325546111576978	0.8208338680672355	0.8265492448282385	0.8325546111576978	0.0	0.8228847653175981	0.8325546111576978	0.8325546111576978	0.8294417163697877	0.8325546111576978	0.8325546111576978	0.8325546111576978	0.8325546111576978	0.8325546111576978	0.8325546111576978	0.822246511938051	0.8325546111576977	0.8325546111576977	0.8325546111576978	0.830077021607319	0.8325546111576978	0.8325546111576978	0.8325546111576977	1.0	0.8325546111576978	0.8242972155173282	0.826956174566275	0.8325546111576978	0.8325546111576978	0.8325546111576978	0.8325546111576978	0.8260277148188893	0.8252338207435693	0.8325546111576977	0.8325546111576978	0.8325546111576977	0.8325546111576977	0.8325546111576978	0.8242482807148048	0.8325546111576978	0.824880630106144	0.8325546111576977	0.8325546111576978	0.8325546111576978	0.8325546111576978	0.8325546111576977	0.8325546111576978	0.8325546111576978	0.8276084819921655	0.8250914040106537	0.8325546111576978	0.7965454308392347	0.8325546111576977	0.8265732053840674	0.8325546111576978	0.8325546111576978	0.8325546111576978	0.8208922166446546	0.8165317569177092	0.803928492472085	0.8275176372719185	0.8246978591884221	0.8325546111576978	0.8325546111576978	0.8325546111576977	0.8325546111576978	0.8144390062811079	0.8325546111576978	0.8325546111576978	0.8255330323182751	0.8325546111576977	0.8325546111576978	0.8273356043257172	0.8325546111576978	0.8325546111576978	0.8325546111576978	0.8325546111576978	0.8105234495994242	0.8325546111576978	0.8325546111576977	0.8190673775749862	0.8325546111576978	0.8257716874486898	0.8262625084211909	0.8325546111576978	0.8325546111576978	0.8325546111576978	0.8325546111576978	0.8325546111576978
16	1.0	1.0	0.8231741595162546	1.0	1.0	0.8294550928145464	0.8115317599417958	0.8325546111576978	0.8082488862523826	0.8243539218430238	0.8273582661759736	0.8145264850603127	0.7935946958746816	0.8325546111576977	0.8325546111576977	0.8228847653175981	0.0	0.8223765482737996	0.8217617664695412	0.8325546111576977	0.8325546111576978	0.8189999381201781	0.8247677109135774	0.828307872330989	0.823503676434412	0.8178527078972693	0.7934105048673021	0.8088506195021731	0.7539206405860459	0.8246518710340267	0.8325546111576978	0.8325546111576977	0.8197702816290733	0.8325546111576977	1.0	0.8282757517228221	0.7757693928903717	0.7706625234684482	0.8325546111576977	0.824087380595062	0.8325546111576978	0.8325546111576977	0.7907070135021758	0.8109217860439482	0.8110923415407048	0.8325546111576977	0.8325546111576977	0.8296790092958771	0.8062584758380316	0.8044635135618753	0.8108893882108413	0.815154278427921	0.8133373871934254	0.8325546111576978	0.7799332251074129	0.8325546111576978	0.8169199370136738	0.8325546111576977	0.7814722069261313	0.8283983493872162	0.8325546111576977	0.821601320687259	0.8243111752075051	0.8154811890820359	0.8325546111576978	0.8325546111576978	0.8110747984488594	0.8249897040063995	0.8173811930189699	0.8161712407163518	0.8191482461467381	0.8110130824368741	0.8170873755900401	0.8325546111576977	0.8258826145538688	0.8262972769436382	0.8258476658103205	0.8325546111576977	0.8173082739747369	0.817976956253202	0.8325546111576977	0.8151385523937813	0.7974598677465502	0.8278772861629362	0.8199372202045022	0.8161606302253759	0.8325546111576978	0.8015307024055527	0.8261413158832831	0.8108992885923119	0.8141895173415719	0.8325546111576977	0.8247819960805046	0.8254905216391182	0.8146013880795644	0.8276142385660813	0.8000843421992455	0.8325546111576977	0.7791055599818466	0.8205308782608116
17	1.0	1.0	0.8293897896715766	1.0	1.0	0.8302813078315843	0.8325546111576978	0.8325546111576978	0.8211774177088357	0.8267931022014534	0.8325546111576977	0.8284283781745744	0.8325546111576978	0.8303018030033075	0.8325546111576977	0.8325546111576978	0.8223765482737996	0.0	0.8291103543180811	0.8301538963412705	0.8325546111576978	0.8325546111576977	0.8235180416307067	0.8275331490643486	0.8325546111576978	0.8325546111576977	0.8165274907641945	0.8087845823918568	0.8225236666824238	0.8232693421436613	0.8290926228284299	0.8325546111576977	0.8212538596341593	0.8208510696348457	1.0	0.8325546111576978	0.8201428404442089	0.8272116960201545	0.8229266865578719	0.8295961672895544	0.8325546111576978	0.8265775379384867	0.8325546111576978	0.8199784410691255	0.8325546111576977	0.8253222855111528	0.8195333521026454	0.8325546111576977	0.8237239674365949	0.828678589399955	0.8224344969987181	0.8306185740608097	0.8325546111576977	0.8325546111576978	0.8130854217308263	0.8325546111576978	0.8230837674499156	0.8237749765901287	0.8300553684647058	0.8325546111576977	0.8302519070906622	0.8297602280210825	0.8294656362106133	0.8269938547291371	0.8325546111576978	0.8325546111576978	0.8260455691211748	0.8325546111576978	0.8243934620488292	0.8325546111576977	0.8325546111576978	0.8325546111576977	0.8300887971594574	0.8301995302606925	0.8283204381917817	0.7965375273869656	0.8325546111576977	0.8325546111576977	0.8325546111576978	0.8182484876955799	0.8325546111576977	0.8301230863779516	0.8164731084251226	0.8325546111576978	0.7999160249674387	0.8295978541229999	0.8325546111576978	0.8169540500008913	0.828771390190416	0.8196254176741647	0.8288902257895535	0.8325546111576977	0.8252900983513306	0.8298024725334529	0.8229588964034913	0.8240733289618707	0.8268326663284812	0.8217867971641825	0.8238098571770129	0.8303231789230371
18	1.0	1.0	0.829706013148965	1.0	1.0	0.8305202279828037	0.826038191555948	0.8325546111576978	0.8299559014430513	0.8295469463654743	0.828377966065503	0.8301554579693302	0.8325546111576978	0.8293552265711046	0.8325546111576978	0.8325546111576978	0.8217617664695412	0.8291103543180811	0.0	0.7964574625274389	0.8325546111576978	0.8236774824400753	0.8325546111576978	0.8325546111576978	0.8237003906477972	0.8325546111576978	0.8280490412096739	0.8140430815015532	0.8164871819427997	0.8291726749382405	0.8284784589403051	0.8296821461401526	0.8210684061251101	0.8325546111576977	1.0	0.815692059981861	0.8163749244560071	0.8290020042240014	0.8325546111576978	0.8297296032406729	0.8325546111576978	0.8325546111576978	0.8294860630421267	0.8325546111576977	0.8172102080999497	0.8222392885238465	0.8325546111576977	0.8306434750493876	0.8325546111576978	0.825052858200542	0.8128013598269948	0.8325546111576978	0.8297743182579899	0.8258192233012761	0.815754072313881	0.8296085252837462	0.8303758945161864	0.8291479148012539	0.8325546111576978	0.8295113482323712	0.8280812049857255	0.8325546111576978	0.8291961721796853	0.8196036454362049	0.8298355292962009	0.8248844951967912	0.8291717349207913	0.8192274035240471	0.8325546111576978	0.8293084647060789	0.8294564051863194	0.8034190467917169	0.8186395456447995	0.8325546111576978	0.8300500255707497	0.8022923841069186	0.8325546111576978	0.8188566254475469	0.8294263593943116	0.8296899663588159	0.8229853585549282	0.8158847185027348	0.8021899125375982	0.822429050168857	0.8312328444650848	0.8169444292384372	0.8276289506508986	0.8026603151595113	0.8218768645519361	0.8325546111576978	0.7892433610522864	0.8264584155595697	0.8293725478929721	0.8325546111576978	0.8151774101294101	0.8240387610389629	0.8325546111576978	0.8325546111576978	0.8241696225408268	0.8271274202211031
19	1.0	1.0	0.8300741718430719	1.0	1.0	0.8304618560098361	0.8325546111576978	0.8325546111576978	0.8278213104676734	0.82741917905154	0.8325546111576977	0.830081332691533	0.8325546111576978	0.8260455743144944	0.8325546111576977	0.8294417163697877	0.8325546111576977	0.8301538963412705	0.7964574625274389	0.0	0.8325546111576978	0.8250011180795144	0.8325546111576977	0.8275354907440032	0.8325546111576978	0.8301526365865517	0.8297890819979885	0.8325546111576977	0.8325546111576977	0.8325546111576978	0.8325546111576978	0.8325546111576977	0.8325546111576977	0.8181778254487349	1.0	0.8195151683311488	0.8105707652347858	0.8325546111576977	0.8264124756384761	0.8325546111576977	0.8325546111576978	0.8325546111576977	0.8284485664500648	0.8296731377254648	0.829716642044257	0.8325546111576977	0.830168318254365	0.8325546111576977	0.829969224633742	0.8325546111576977	0.8325546111576978	0.8244270700186472	0.8325546111576977	0.8325546111576978	0.8325546111576977	0.8227982150327383	0.8325546111576977	0.8271540709543166	0.8325546111576977	0.8286732165398797	0.8265665199035936	0.8243355618145334	0.827246372578533	0.8253062959363716	0.8325546111576978	0.827893693096142	0.8325546111576977	0.8325546111576978	0.8237640923891248	0.8254932060217361	0.8158001158307443	0.827934156162926	0.8295101320256926	0.8325546111576977	0.8325546111576977	0.7946861265867589	0.8289619259209517	0.8295661711855182	0.8325546111576978	0.8325546111576977	0.8325546111576977	0.8325546111576977	0.8325546111576977	0.8325546111576978	0.8325546111576977	0.7991031424317043	0.8325546111576978	0.8325546111576977	0.8261538458038996	0.8251005701138729	0.8325546111576977	0.8188862626211317	0.8292615147493422	0.8325546111576978	0.8325546111576977	0.8325546111576978	0.8325546111576977	0.8288196542447981	0.8288045413049122	0.8290069843063099
20	1.0	1.0	0.8325546111576978	1.0	1.0	0.8325546111576978	0.8178924029615283	0.8325546111576978	0.8325546111576978	0.8240902827621017	0.8325546111576978	0.8325546111576978	0.8325546111576978	0.8325546111576977	0.8325546111576978	0.8325546111576978	0.8325546111576978	0.8325546111576978	0.8325546111576978	0.8325546111576978	0.0	0.8325546111576978	0.8325546111576978	0.8325546111576978	0.8325546111576978	0.8325546111576978	0.8325546111576978	0.8325546111576977	0.8325546111576977	0.8325546111576978	0.8325546111576978	0.8325546111576978	0.8325546111576978	0.8325546111576977	1.0	0.8325546111576978	0.8325546111576977	0.8325546111576978	0.8325546111576978	0.8325546111576978	0.8325546111576978	0.8325546111576978	0.8325546111576978	0.8325546111576977	0.8325546111576977	0.8325546111576978	0.8325546111576977	0.8325546111576977	0.8325546111576978	0.8325546111576978	0.8325546111576978	0.8325546111576978	0.8325546111576977	0.8325546111576978	0.8325546111576978	0.8325546111576978	0.8325546111576977	0.8325546111576978	0.8202177256864287	0.8325546111576977	0.8325546111576977	0.809790792418949	0.8325546111576978	0.8325546111576977	0.8325546111576978	0.8325546111576978	0.8325546111576978	0.8325546111576978	0.8325546111576978	0.8325546111576978	0.8325546111576978	0.8325546111576978	0.8325546111576977	0.8325546111576978	0.8325546111576978	0.8325546111576977	0.8325546111576978	0.8325546111576977	0.8325546111576978	0.8325546111576978	0.8325546111576977	0.8325546111576977	0.8325546111576978	0.8325546111576978	0.8325546111576978	0.8325546111576978	0.8325546111576978	0.8325546111576978	0.8325546111576978	0.8325546111576978	0.8325546111576977	0.8325546111576977	0.8325546111576978	0.8325546111576978	0.8325546111576978	0.8325546111576978	0.8222961949284017	0.8325546111576978	0.8325546111576978	0.8325546111576978
21	1.0	1.0	0.8325546111576977	1.0	1.0	0.8325546111576977	0.8276485561738619	0.8325546111576978	0.8257760609095959	0.8325546111576977	0.8245756647452633	0.8325546111576977	0.8283332256662074	0.8217872474401271	0.8325546111576977	0.8325546111576978	0.8189999381201781	0.8325546111576977	0.8236774824400753	0.8250011180795144	0.8325546111576978	0.0	0.8274047857185576	0.8281373892835331	0.8293364902721919	0.8204969647761937	0.8221064264444615	0.8325546111576977	0.8325546111576977	0.8270502640018343	0.8262210719768037	0.8325546111576977	0.8192705967519196	0.8325546111576977	1.0	0.8183891776011966	0.8160919756030514	0.8214169229085201	0.8219338882260261	0.8214668098582313	0.8262825457539245	0.8325546111576977	0.8284722005854886	0.8277557860834615	0.8292545176888352	0.8284510744099466	0.8280640761172813	0.8277159116755453	0.8095929211576203	0.8284130223899197	0.8284802104554669	0.8097220238645334	0.827874846767047	0.8325546111576978	0.8269482449696015	0.8231129255479475	0.8225164694850152	0.8220833627000709	0.8259933227957421	0.826889155032588	0.8325546111576977	0.8239464481252743	0.8257979409895037	0.8257821103656567	0.8220804007274108	0.8325546111576978	0.8325546111576977	0.824530787786148	0.8186597585797388	0.8229761377665494	0.8210625917438087	0.8146108978436943	0.8222868954230304	0.8325546111576977	0.8325546111576977	0.8325546111576977	0.8325546111576977	0.8265945710217772	0.8325546111576978	0.8232248196997972	0.8150669234042147	0.8277916943280201	0.827129431928105	0.8228930383162696	0.8325546111576977	0.8325546111576977	0.8289640900439009	0.8271851868034374	0.8154094904240073	0.7996482130195183	0.8325546111576977	0.8325546111576977	0.8076310002266558	0.8281019788160638	0.8203274813716086	0.826889155032588	0.8289087349552406	0.823910198661761	0.8254927177017183	0.8325546111576977
22	1.0	1.0	0.8293117050352071	1.0	1.0	0.8192974998749112	0.8325546111576978	0.8325546111576978	0.8258903980537078	0.8325546111576977	0.8325546111576977	0.8290482120120072	0.8325546111576978	0.829508447632055	0.8325546111576977	0.8325546111576978	0.8247677109135774	0.8235180416307067	0.8325546111576978	0.8325546111576977	0.8325546111576978	0.8274047857185576	0.0	0.829536276587314	0.826444661348013	0.8325546111576977	0.8243497081479906	0.8042728833083675	0.8325546111576977	0.8233168272177114	0.828422253856471	0.8272415658510626	0.8266586671356569	0.8259067570495484	1.0	0.8325546111576978	0.8193466111235417	0.8325546111576977	0.8325546111576977	0.8265771028652524	0.8325546111576978	0.8155371709281608	0.8325546111576978	0.8325546111576977	0.8325546111576977	0.8222848993852916	0.8325546111576977	0.8325546111576977	0.8300028476128333	0.8325546111576977	0.824362668027058	0.8241980801061572	0.822466369727333	0.8231542160070104	0.8079001483238871	0.8325546111576978	0.8174996614889333	0.8325546111576977	0.8325546111576977	0.8299185831939422	0.8325546111576977	0.8325546111576977	0.8291274857714108	0.8296113927068632	0.8102942049084035	0.8325546111576978	0.8202640062199961	0.826437588130454	0.8258881733872605	0.8297217299985328	0.8295530286375248	0.8281986543685572	0.8325546111576977	0.8296447387104626	0.8193403814071591	0.799566969006381	0.827130833745705	0.8268522439549254	0.8217499630573954	0.8296350905330675	0.8325546111576977	0.8325546111576977	0.8325546111576977	0.8220703755455993	0.8174548154050759	0.8325546111576977	0.8241998981893212	0.8223374971055708	0.8325546111576977	0.8325546111576977	0.8325546111576977	0.8293442387673027	0.8325546111576977	0.8325546111576978	0.8124602652977647	0.8292425289752006	0.8241187867863613	0.8325546111576977	0.8260172887696055	0.8201444360296694
23	1.0	1.0	0.8325546111576978	1.0	1.0	0.8291923721793385	0.8325546111576978	0.8325546111576978	0.8325546111576978	0.8325546111576978	0.829911973108206	0.8237360456526768	0.8325546111576978	0.8325546111576977	0.8325546111576978	0.8325546111576978	0.828307872330989	0.8275331490643486	0.8325546111576978	0.8275354907440032	0.8325546111576978	0.8281373892835331	0.829536276587314	0.0	0.8183835665967946	0.8325546111576978	0.8274959591574342	0.8266601231550923	0.8161591094705187	0.8284747751478807	0.8266474798829303	0.8325546111576978	0.827434420716568	0.8282268123655726	1.0	0.8325546111576978	0.8218451760584912	0.8193667896983686	0.8270996830130469	0.8325546111576978	0.8221922048730574	0.8325546111576978	0.8325546111576978	0.8285244386346065	0.8325546111576977	0.8325546111576978	0.8325546111576977	0.8325546111576977	0.8274407227864214	0.8325546111576978	0.8254128256153548	0.8272543281350964	0.8275553411380429	0.8283082314932474	0.828121868037305	0.8279997075630019	0.8325546111576977	0.8245632141611529	0.8269821482833121	0.8275354907440031	0.8325546111576977	0.8325546111576978	0.8325546111576978	0.8325546111576977	0.8325546111576978	0.8325546111576978	0.8325546111576978	0.8289855322109795	0.8325546111576978	0.8275553411380429	0.8325546111576978	0.8325546111576978	0.825819305350771	0.8286137187685438	0.8287294855491701	0.8284552853709777	0.8325546111576978	0.8250130131424859	0.8325546111576978	0.8325546111576978	0.8325546111576977	0.828885903750785	0.8325546111576978	0.8325546111576978	0.8325546111576978	0.8204795840080916	0.8325546111576978	0.8325546111576978	0.8325546111576978	0.8110041888588937	0.805688068365684	0.8325546111576977	0.8288734836057302	0.8325546111576978	0.8283980996185346	0.8243245920381654	0.8325546111576978	0.8325546111576978	0.8325546111576978	0.8325546111576978
24	1.0	1.0	0.826927488244383	1.0	1.0	0.8325546111576978	0.8325546111576978	0.8325546111576978	0.8285765112255448	0.8203990163159238	0.828622730154906	0.8325546111576978	0.8325546111576978	0.8325546111576977	0.8325546111576978	0.8325546111576978	0.823503676434412	0.8325546111576978	0.8237003906477972	0.8325546111576978	0.8325546111576978	0.8293364902721919	0.826444661348013	0.8183835665967946	0.0	0.8325546111576978	0.8208488333866074	0.8291579857200042	0.8248348469611005	0.8266537122421866	0.8272850075449423	0.8204044448288831	0.8194676637107737	0.772160553458715	1.0	0.8229381943663915	0.8126973405192428	0.8285703600949526	0.8325546111576978	0.8269263198906048	0.7613747930540105	0.8278430707327433	0.8325546111576978	0.8325546111576977	0.8325546111576977	0.7929687869014254	0.8325546111576977	0.8293997438964839	0.8198248796953987	0.8187545410258111	0.8245971593496552	0.8261872918709059	0.8225595802421581	0.8325546111576978	0.8325546111576978	0.827521962901417	0.825941116788755	0.8205319276304863	0.8325546111576978	0.8278859344493916	0.8325546111576977	0.8325546111576978	0.8205815481681537	0.8186864725952258	0.8271796515620747	0.8325546111576978	0.8273035607633656	0.8168412681239557	0.8171579651510849	0.8272913838746703	0.820615283985487	0.8282716525919559	0.8214627918558514	0.8325546111576978	0.824050117507693	0.8325546111576977	0.8279967647567441	0.7904789271316353	0.8166979908244939	0.8278198406123852	0.8229803529947968	0.8325546111576977	0.8286508848886049	0.8223324948702357	0.8325546111576978	0.8325546111576978	0.8265496193869766	0.8257640508489635	0.8289061958832652	0.8168483329949728	0.8182419588420852	0.8132847739692453	0.8325546111576978	0.8325546111576978	0.8325546111576978	0.8325546111576978	0.8325546111576978	0.8325546111576978	0.8325546111576978	0.8325546111576978
