	0	1	2	3	4	5	6	7	8	9	10	11	12	13	14	15	16	17	18	19	20	21	22	23	24	25	26	27	28	29	30	31	32	33	34	35	36	37	38	39	40	41	42	43	44	45	46	47	48	49	50	51	52	53	54	55	56	57	58	59	60	61	62	63	64	65	66	67	68	69	70	71	72	73	74	75	76	77	78	79	80	81	82	83	84	85	86	87	88	89	90	91	92	93	94	95	96	97	98	99
0	0.0	1.0	1.0	1.0	1.0	1.0	1.0	1.0	1.0	1.0	1.0	1.0	1.0	1.0	1.0	1.0	1.0	1.0	1.0	1.0	1.0	1.0	1.0	1.0	1.0	1.0	1.0	1.0	1.0	1.0	1.0	1.0	1.0	1.0	1.0	1.0	1.0	1.0	1.0	1.0	1.0	1.0	1.0	1.0	1.0	1.0	1.0	1.0	1.0	1.0	1.0	1.0	1.0	1.0	1.0	1.0	1.0	1.0	1.0	1.0	1.0	1.0	1.0	1.0	1.0	1.0	1.0	1.0	1.0	1.0	1.0	1.0	1.0	1.0	1.0	1.0	1.0	1.0	1.0	1.0	1.0	1.0	1.0	1.0	1.0	1.0	1.0	1.0	1.0	1.0	1.0	1.0	1.0	1.0	1.0	1.0	1.0	1.0	1.0	1.0
1	1.0	0.0	1.0	1.0	1.0	1.0	1.0	1.0	1.0	1.0	1.0	1.0	1.0	1.0	1.0	1.0	1.0	1.0	1.0	1.0	1.0	1.0	1.0	1.0	1.0	1.0	1.0	1.0	1.0	1.0	1.0	1.0	1.0	1.0	1.0	1.0	1.0	1.0	1.0	1.0	1.0	1.0	1.0	1.0	1.0	1.0	1.0	1.0	1.0	1.0	1.0	1.0	1.0	1.0	1.0	1.0	1.0	1.0	1.0	1.0	1.0	1.0	1.0	1.0	1.0	1.0	1.0	1.0	1.0	1.0	1.0	1.0	1.0	1.0	1.0	1.0	1.0	1.0	1.0	1.0	1.0	1.0	1.0	1.0	1.0	1.0	1.0	1.0	1.0	1.0	1.0	1.0	1.0	1.0	1.0	1.0	1.0	1.0	1.0	1.0
2	1.0	1.0	0.0	0.8265833707725853	0.8325546111576977	0.8325546111576977	0.8325546111576977	0.8245896859375946	1.0	0.814942895241986	0.8325546111576977	0.8235891340884199	0.8281524124694415	0.8325546111576977	0.814733410655205	0.8325546111576977	0.8286713149879273	0.8101920396862229	0.8325546111576978	0.8254294498119198	0.8325546111576978	0.8325546111576978	0.8325546111576977	0.8325546111576978	0.8325546111576977	0.8242259403174421	0.8242901457968059	0.8291101304073667	0.8325546111576978	0.8232735255926981	0.8325546111576977	0.8325546111576977	0.8325546111576977	0.8120109912332719	0.8325546111576977	0.8325546111576977	0.8175182439487397	0.8325546111576977	0.8289870431930162	0.8207274920727187	0.8325546111576977	0.8195141964133846	0.8271251824042269	0.8325546111576977	0.8325546111576978	0.8248724982201655	0.8063286590962047	0.8325546111576977	0.8325546111576978	0.826135393059021	0.8325546111576977	0.8268401746052509	0.8325546111576978	0.8325546111576977	0.8262243325016728	0.816631255159236	0.8148218650767914	0.8249690354133036	0.814431100149181	0.8325546111576977	0.8278366581609279	0.8196152266371363	0.8266927352945219	0.825053539404336	0.8325546111576978	0.8272898823563862	0.8325546111576977	0.8264753150377552	0.8325546111576977	0.819561721581926	0.8161631595794602	0.7893778428713587	0.8258721585820603	0.8247888062471432	0.8325546111576977	0.8325546111576977	0.8233803876581796	0.8053263507760462	0.8325546111576977	0.8166677766640381	0.8297059738034654	0.8289082746872359	0.8232432028924466	0.8179573695409633	0.8273692572520159	0.8325546111576977	0.8197349884237016	0.8325546111576977	0.8271115500295643	0.8224273863230652	0.8258410982135561	0.8280965584499163	0.8325546111576977	0.8325546111576977	0.8282280221828878	0.8228707229595885	0.8325546111576977	0.8325546111576977	0.8252677067719365	0.8283862306859913
3	1.0	1.0	0.8265833707725853	0.0	0.8325546111576977	0.8171608649377784	0.8282842328278586	0.8325546111576977	1.0	0.8325546111576977	0.8263934196981185	0.8235807038604911	0.825327446253519	0.8214670309335212	0.8245237294181808	0.8293936611362445	0.8226279687940163	0.8254056097072566	0.8325546111576978	0.8259523681284413	0.8325546111576978	0.8325546111576978	0.8325546111576977	0.8325546111576978	0.8325546111576977	0.8251061544839571	0.8198847733724413	0.8300367562835143	0.8192866037618837	0.8325546111576977	0.8277642189369787	0.8325546111576977	0.8325546111576977	0.8325546111576977	0.8182030746837624	0.8213571711387777	0.829555227741777	0.8258067583562949	0.8325546111576977	0.8261239190145736	0.8280623457645937	0.8259148303015461	0.8252945870691596	0.8158737898719308	0.8231410217692264	0.8325546111576977	0.8228604387967007	0.8325546111576977	0.8275466464487786	0.8295466356852854	0.8183159033485369	0.8325546111576978	0.8293986360831332	0.8325546111576977	0.8325546111576977	0.8270368866585758	0.8241469851578987	0.8285889849110004	0.8235505057734621	0.8325546111576977	0.825163867733338	0.8298759875816578	0.8325546111576977	0.8270350380004547	0.8202963014779173	0.8103793253158086	0.8199343097619394	0.8032205615628127	0.825425695266038	0.8167381467108971	0.8258420784045936	0.8295156920481271	0.8325546111576977	0.8078210437843515	0.8132753384533973	0.8203035432485474	0.8262923200204998	0.8286299410268584	0.8229536751535537	0.8222458340156055	0.8270480821504725	0.8183771717355582	0.8325546111576977	0.8325546111576977	0.8258561364508517	0.8189986949382313	0.8298146207627398	0.8153970628723234	0.8296152189233815	0.8300933786827744	0.8300996920409137	0.8325546111576977	0.8265782143233578	0.8220568783427662	0.8211721666949584	0.8161320683147537	0.8186818828753356	0.8325546111576977	0.8197689415633526	0.8325546111576978
4	1.0	1.0	0.8325546111576977	0.8325546111576977	0.0	0.8325546111576977	0.8325546111576977	0.8325546111576977	1.0	0.8325546111576977	0.8325546111576977	0.8325546111576977	0.8325546111576978	0.8325546111576977	0.8325546111576978	0.8325546111576977	0.8325546111576977	0.8325546111576977	0.8325546111576978	0.8325546111576978	0.8325546111576978	0.8325546111576978	0.8325546111576977	0.8286201590323141	0.8325546111576977	0.8325546111576977	0.8325546111576977	0.8325546111576978	0.8325546111576978	0.8325546111576977	0.8325546111576977	0.8325546111576977	0.8325546111576977	0.8325546111576977	0.8325546111576977	0.8325546111576977	0.8325546111576977	0.8325546111576977	0.8325546111576977	0.8325546111576977	0.8325546111576977	0.8269958019179535	0.8325546111576977	0.8325546111576977	0.8325546111576978	0.8325546111576977	0.8325546111576977	0.8325546111576977	0.8325546111576978	0.8325546111576977	0.8252985592496581	0.8325546111576978	0.8325546111576978	0.8325546111576977	0.8325546111576977	0.8325546111576977	0.8325546111576977	0.8325546111576977	0.8325546111576977	0.8325546111576977	0.8325546111576977	0.8325546111576977	0.8325546111576977	0.8325546111576977	0.8325546111576978	0.8325546111576977	0.8325546111576977	0.8150172632958301	0.8219286963964895	0.8325546111576977	0.8325546111576977	0.8325546111576978	0.8325546111576977	0.8325546111576977	0.8325546111576977	0.8325546111576977	0.8325546111576977	0.8325546111576977	0.8325546111576977	0.8080744066684077	0.8325546111576977	0.8284071764031998	0.8325546111576977	0.8325546111576977	0.8325546111576977	0.8325546111576977	0.8278741364521917	0.8325546111576977	0.8325546111576977	0.8325546111576977	0.8325546111576977	0.8325546111576977	0.8325546111576977	0.8325546111576977	0.8325546111576977	0.8325546111576977	0.8325546111576977	0.8325546111576977	0.8250109475498524	0.8325546111576978
5	1.0	1.0	0.8325546111576977	0.8171608649377784	0.8325546111576977	0.0	0.7865391388447142	0.8272332096936124	1.0	0.8325546111576977	0.8325546111576977	0.8325546111576977	0.8214727873361766	0.8325546111576977	0.8325546111576978	0.8263291302276783	0.8325546111576977	0.8000790255062669	0.8325546111576978	0.8325546111576978	0.8325546111576978	0.8325546111576978	0.8325546111576977	0.8289995527561878	0.8325546111576977	0.8261112073885036	0.8325546111576977	0.8325546111576978	0.8325546111576978	0.823210663045559	0.8325546111576977	0.8325546111576977	0.8325546111576977	0.8192818349293738	0.7554956571156362	0.7370214790195613	0.8325546111576977	0.8133498294850775	0.8105148506164133	0.8325546111576977	0.8325546111576977	0.8325546111576977	0.8325546111576977	0.8283681092249953	0.8235117594939233	0.8294262572844159	0.8271475101175018	0.8325546111576977	0.8201984538865285	0.8325546111576977	0.8325546111576977	0.8245271530509939	0.8325546111576978	0.8293284426215701	0.8325546111576977	0.8325546111576977	0.8052434234357108	0.8325546111576977	0.8325546111576977	0.8257605066753945	0.8325546111576977	0.8325546111576977	0.8325546111576977	0.8240628528765046	0.8187495002567207	0.8094717642671886	0.7603853012425228	0.7519294443507812	0.8116332691529269	0.8325546111576977	0.8188816010489599	0.8016378424723835	0.8115913237984129	0.7251789282532272	0.6679861887018297	0.7631210536701495	0.8325546111576977	0.82372114905741	0.8187380393743162	0.8044092708735946	0.8325546111576977	0.8325546111576978	0.8207307290215556	0.8325546111576977	0.8325546111576977	0.7591620744109171	0.8153538598192005	0.6987121247991271	0.8325546111576977	0.8325546111576977	0.8325546111576977	0.8182230369322655	0.8165794272200192	0.7728378051919952	0.8325546111576977	0.8055121920561302	0.7432429377980567	0.8325546111576977	0.7937473211590719	0.8325546111576978
6	1.0	1.0	0.8325546111576977	0.8282842328278586	0.8325546111576977	0.7865391388447142	0.0	0.8325546111576977	1.0	0.8325546111576977	0.8325546111576977	0.8210975053160741	0.8325546111576978	0.8275842511578246	0.8325546111576978	0.8208577328414631	0.8325546111576977	0.8199824883710116	0.8221189619945366	0.8254778428827421	0.8325546111576978	0.8325546111576978	0.8325546111576977	0.8219403446495059	0.8325546111576977	0.7944480062098773	0.8281301980953811	0.8278942644209798	0.8284468948440308	0.8224109588015681	0.8325546111576977	0.8325546111576977	0.8325546111576977	0.8267537466793482	0.8121569843487978	0.820479752265521	0.8198368556093097	0.8257174691073771	0.8079478550456037	0.8269741988608633	0.8325546111576977	0.8325546111576977	0.8051959156557272	0.8325546111576977	0.8049350261879914	0.8325546111576977	0.8257122403841146	0.8325546111576977	0.8238018237998045	0.8325546111576977	0.8325546111576977	0.8153057957355143	0.8169694941104498	0.8325546111576977	0.8221785933354493	0.8188223817185594	0.8268771879649891	0.8279068193952134	0.8243314942947446	0.8227840382391388	0.8209193202726985	0.81639844206664	0.8253708466198257	0.8007531903229578	0.8325546111576978	0.8095201366123507	0.828605275219949	0.8247507073532979	0.8072185016392611	0.8184781051565588	0.7898587149366958	0.7553240774818574	0.8075739944147244	0.827813001236992	0.7831278293365549	0.8020685705288586	0.8272001890219416	0.8060588496354218	0.8099328636208232	0.8211504801599561	0.8237800763970862	0.8231944313404066	0.8282775992899518	0.8153026228186498	0.8037856072465962	0.82544162958507	0.8170886328325707	0.8202652092223397	0.8255262676629356	0.8325546111576977	0.8325546111576977	0.8189026050382623	0.8199180079619687	0.8091786721918148	0.8201357655654198	0.8112681973163466	0.8325546111576977	0.8325546111576977	0.8038497021055063	0.8197347212422775
7	1.0	1.0	0.8245896859375946	0.8325546111576977	0.8325546111576977	0.8272332096936124	0.8325546111576977	0.0	1.0	0.8025357531745698	0.8325546111576977	0.8325546111576977	0.8325546111576977	0.8325546111576977	0.8105229635567158	0.8325546111576977	0.8325546111576977	0.766287387544815	0.8325546111576977	0.82735640858681	0.8325546111576977	0.8325546111576977	0.8325546111576977	0.8286849414103662	0.8325546111576977	0.8325546111576977	0.8243841500405437	0.8325546111576977	0.8325546111576977	0.8325546111576977	0.8325546111576977	0.8325546111576977	0.8290449470636551	0.8141801451712349	0.8325546111576977	0.8325546111576977	0.8325546111576977	0.8236633453472161	0.812963737895616	0.8261652175257039	0.8325546111576977	0.8205542265655701	0.8325546111576977	0.8325546111576977	0.8325546111576977	0.8265130631750462	0.8325546111576977	0.8325546111576977	0.8325546111576977	0.8325546111576977	0.8325546111576977	0.826236660315235	0.8325546111576977	0.8325546111576977	0.8265891975862398	0.8280801772117863	0.8180985432352069	0.8222396514743852	0.8221592206974482	0.8243970709005929	0.826833477946627	0.8240489270927245	0.8325546111576977	0.825190320445232	0.8325546111576977	0.8269207530465696	0.827234051292684	0.8325546111576977	0.8125149555365838	0.8108689362470536	0.8232694123604152	0.8169891272317792	0.8325546111576977	0.8325546111576977	0.8325546111576977	0.8325546111576977	0.8325546111576977	0.8205281965957257	0.8325546111576977	0.8325546111576977	0.8325546111576977	0.8325546111576977	0.8325546111576977	0.8238462106631479	0.8214009678533634	0.8325546111576977	0.7857676644829606	0.8325546111576977	0.8261460404349305	0.8325546111576977	0.8325546111576977	0.8261535546342675	0.8325546111576977	0.8325546111576977	0.8325546111576977	0.8325546111576977	0.8325546111576977	0.8325546111576977	0.8252665664432322	0.8325546111576977
8	1.0	1.0	1.0	1.0	1.0	1.0	1.0	1.0	0.0	1.0	1.0	1.0	1.0	1.0	1.0	1.0	1.0	1.0	1.0	1.0	1.0	1.0	1.0	1.0	1.0	1.0	1.0	1.0	1.0	1.0	1.0	1.0	1.0	1.0	1.0	1.0	1.0	1.0	1.0	1.0	1.0	1.0	1.0	1.0	1.0	1.0	1.0	1.0	1.0	1.0	1.0	1.0	1.0	1.0	1.0	1.0	1.0	1.0	1.0	1.0	1.0	1.0	1.0	1.0	1.0	1.0	1.0	1.0	1.0	1.0	1.0	1.0	1.0	1.0	1.0	1.0	1.0	1.0	1.0	1.0	1.0	1.0	1.0	1.0	1.0	1.0	1.0	1.0	1.0	1.0	1.0	1.0	1.0	1.0	1.0	1.0	1.0	1.0	1.0	1.0
9	1.0	1.0	0.814942895241986	0.8325546111576977	0.8325546111576977	0.8325546111576977	0.8325546111576977	0.8025357531745698	1.0	0.0	0.8325546111576977	0.8276235890858856	0.8325546111576978	0.8237950490293124	0.8004572891477328	0.8265456881951904	0.8325546111576977	0.7419896312013046	0.7876152415724987	0.8325546111576978	0.8325546111576978	0.8325546111576978	0.8325546111576977	0.8325546111576978	0.8325546111576977	0.8325546111576977	0.8243080676018105	0.8325546111576978	0.8179426576746504	0.8325546111576977	0.8325546111576977	0.8325546111576977	0.8325546111576977	0.7957817359105445	0.8325546111576977	0.8325546111576977	0.8217800527337571	0.8325546111576977	0.8284030289416229	0.8248380091624721	0.8325546111576977	0.81660024064595	0.8175163978688581	0.8325546111576977	0.8256939187678178	0.8250314897596477	0.8325546111576977	0.8130345237872246	0.8325546111576978	0.8325546111576977	0.8325546111576977	0.8325546111576978	0.8268198780169943	0.8325546111576977	0.8136567816433651	0.8325546111576977	0.8325546111576977	0.8325546111576977	0.8325546111576977	0.8248609096024118	0.8208562388762628	0.8325546111576977	0.8325546111576977	0.8232382051339235	0.8325546111576978	0.8325546111576977	0.8325546111576977	0.8325546111576977	0.8325546111576977	0.8325546111576977	0.8261020858276505	0.8126831546024461	0.8325546111576977	0.8275807257439934	0.8325546111576977	0.8325546111576977	0.8246393301142788	0.8165614584819002	0.8325546111576977	0.8325546111576977	0.8325546111576977	0.8325546111576978	0.8325546111576977	0.8325546111576977	0.8178527044823837	0.8325546111576977	0.7989424540106164	0.8325546111576977	0.8260209637696575	0.8325546111576977	0.8325546111576977	0.8325546111576977	0.8325546111576977	0.8325546111576977	0.8325546111576977	0.823922861986098	0.8325546111576977	0.8325546111576977	0.8325546111576977	0.8325546111576978
10	1.0	1.0	0.8325546111576977	0.8263934196981185	0.8325546111576977	0.8325546111576977	0.8325546111576977	0.8325546111576977	1.0	0.8325546111576977	0.0	0.8325546111576977	0.8325546111576978	0.8235295637184604	0.8325546111576978	0.8325546111576977	0.8325546111576977	0.8325546111576977	0.8325546111576978	0.8325546111576978	0.8325546111576978	0.8325546111576978	0.8325546111576977	0.8325546111576978	0.8325546111576977	0.8325546111576977	0.8325546111576977	0.8325546111576978	0.8325546111576978	0.8325546111576977	0.8325546111576977	0.8325546111576977	0.8325546111576977	0.8325546111576977	0.8325546111576977	0.8325546111576977	0.8325546111576977	0.8325546111576977	0.8325546111576977	0.8325546111576977	0.8325546111576977	0.8325546111576977	0.8325546111576977	0.8325546111576977	0.8325546111576978	0.8325546111576977	0.8325546111576977	0.8325546111576977	0.8325546111576978	0.8325546111576977	0.8325546111576977	0.8325546111576978	0.8325546111576978	0.8325546111576977	0.8325546111576977	0.8325546111576977	0.8325546111576977	0.8325546111576977	0.8325546111576977	0.8325546111576977	0.8325546111576977	0.8325546111576977	0.8325546111576977	0.8325546111576977	0.8325546111576978	0.8325546111576977	0.8325546111576977	0.8325546111576977	0.8325546111576977	0.8325546111576977	0.8325546111576977	0.8325546111576978	0.8325546111576977	0.8325546111576977	0.8230611521557479	0.8325546111576977	0.8325546111576977	0.8325546111576977	0.8325546111576977	0.8325546111576977	0.8325546111576977	0.8325546111576978	0.8325546111576977	0.8325546111576977	0.8325546111576977	0.8325546111576977	0.8325546111576977	0.8325546111576977	0.8325546111576977	0.8325546111576977	0.8325546111576977	0.8325546111576977	0.8325546111576977	0.8325546111576977	0.8325546111576977	0.8325546111576977	0.8325546111576977	0.8325546111576977	0.8325546111576977	0.8325546111576978
11	1.0	1.0	0.8235891340884199	0.8235807038604911	0.8325546111576977	0.8325546111576977	0.8210975053160741	0.8325546111576977	1.0	0.8276235890858856	0.8325546111576977	0.0	0.8325546111576978	0.8212220135702479	0.8216427769241084	0.8171102239690574	0.8198041985522377	0.8274523002385434	0.8270507304238964	0.8086921711609537	0.8325546111576978	0.8325546111576978	0.8325546111576977	0.8325546111576978	0.8325546111576977	0.8257063307389262	0.8182272597626936	0.8268908161844487	0.8196016522943623	0.8229346540263541	0.8325546111576977	0.8325546111576977	0.8325546111576977	0.8325546111576977	0.8264203317235583	0.8325546111576977	0.8157238085452839	0.8234112404714313	0.829382890592402	0.8218437600338934	0.8325546111576977	0.826707942108761	0.8062149890920407	0.8325546111576977	0.8053487698371599	0.8325546111576977	0.8145818166362097	0.8325546111576977	0.8325546111576978	0.8325546111576977	0.8243524024144808	0.8257192206021412	0.8143508756286574	0.8204603772261243	0.8325546111576977	0.8325546111576977	0.8325546111576977	0.8290704215667313	0.8325546111576977	0.824834777563425	0.8173240845942491	0.8261752385487352	0.8325546111576977	0.8282007629444056	0.8325546111576978	0.8191882062842472	0.8280454546451045	0.8325546111576977	0.8274913705818013	0.8325546111576977	0.7905202270661115	0.8122011347161906	0.8155175928565221	0.8200812842002426	0.8325546111576977	0.8325546111576977	0.8145181867582633	0.8152347203092712	0.8180131683195823	0.8325546111576977	0.8170141354282003	0.8325546111576978	0.8223219191442894	0.8116487231564858	0.8161954561051029	0.8325546111576977	0.8182926489963716	0.8325546111576977	0.8289537301027118	0.8325546111576977	0.8325546111576977	0.8325546111576977	0.8283499284560564	0.8325546111576977	0.8218319659697624	0.8133060778281986	0.8262182826957575	0.8325546111576977	0.8325546111576977	0.8325546111576978
12	1.0	1.0	0.8281524124694415	0.825327446253519	0.8325546111576978	0.8214727873361766	0.8325546111576978	0.8325546111576977	1.0	0.8325546111576978	0.8325546111576978	0.8325546111576978	0.0	0.828896153744161	0.8325546111576978	0.8325546111576978	0.8325546111576978	0.8217030199173873	0.8325546111576978	0.8100856227749795	0.7899173608253053	0.8325546111576978	0.8325546111576978	0.8325546111576978	0.8276222987953515	0.8209672789682892	0.8325546111576978	0.8325546111576978	0.8262031030307542	0.8325546111576977	0.8092396287674561	0.8325546111576978	0.8325546111576978	0.8325546111576977	0.8265070034766394	0.8240949052580344	0.8325546111576978	0.8325546111576978	0.8325546111576978	0.8325546111576978	0.8325546111576978	0.8325546111576978	0.8325546111576977	0.8223294459939798	0.8325546111576978	0.8260433828695215	0.8325546111576978	0.8325546111576978	0.8325546111576978	0.827567109285351	0.8325546111576977	0.8325546111576978	0.8246644274801366	0.8325546111576978	0.8259753773920905	0.8270309965332965	0.8325546111576977	0.8325546111576977	0.8325546111576977	0.8325546111576978	0.8325546111576978	0.8244530315954098	0.8325546111576978	0.8200311964537771	0.8325546111576978	0.8325546111576978	0.8238468233391757	0.8281966580090191	0.8265853846871613	0.8325546111576978	0.8245478310301271	0.8211609878233529	0.8276452422878156	0.8180431863143984	0.8192588626128516	0.800283506485182	0.8325546111576978	0.8209243242132096	0.823884394030055	0.8008236672474571	0.8325546111576978	0.8224320062180601	0.8214337327957001	0.8166341479551736	0.8325546111576978	0.8182131977366511	0.8325546111576977	0.8186967357711502	0.8178930498346098	0.8259154713833362	0.822623405447974	0.8174775447189302	0.8174080503577144	0.8247850343861853	0.8325546111576978	0.8226653511300273	0.817084967719053	0.8191448604189752	0.8325546111576978	0.816022769381077
13	1.0	1.0	0.8325546111576977	0.8214670309335212	0.8325546111576977	0.8325546111576977	0.8275842511578246	0.8325546111576977	1.0	0.8237950490293124	0.8235295637184604	0.8212220135702479	0.828896153744161	0.0	0.8190302629858639	0.8138621256427073	0.8211491630951925	0.8290602066207642	0.8325546111576978	0.8325546111576978	0.8325546111576978	0.8253613817110763	0.8325546111576977	0.8325546111576978	0.821389470589539	0.8262969374744299	0.8114985911618862	0.8295964298072906	0.7892848637411396	0.8325546111576977	0.8325546111576977	0.8325546111576977	0.8325546111576977	0.8177829417239734	0.8325546111576977	0.8228620263671985	0.8168877325963647	0.8238980631441546	0.8292802127608374	0.8109766261061477	0.8325546111576977	0.814518286818498	0.803296307970909	0.8325546111576977	0.8044015831012522	0.827848423616371	0.8268099587313221	0.8325546111576977	0.8277294320039433	0.8040702113944895	0.8137555868722388	0.8325546111576978	0.7966190556640135	0.815246824734959	0.8158245462505289	0.8231320395678399	0.8325546111576977	0.8219333864374981	0.823393080909144	0.8207372853264142	0.7962007522238805	0.8278481787157401	0.8325546111576977	0.8294903926246654	0.7895120204985067	0.8273787480427943	0.8185467194155368	0.8135976114308914	0.8120072370544129	0.827905801439868	0.8056366745546574	0.8278158911410424	0.8325546111576977	0.8246153752841218	0.8246095047011606	0.8254432617002014	0.7912103813165785	0.8169882704029262	0.8325546111576977	0.8325546111576977	0.8183014404533229	0.8325546111576978	0.8325546111576977	0.8193665965575678	0.7772678718566125	0.8325546111576977	0.8325546111576977	0.8325546111576977	0.8325546111576977	0.8325546111576977	0.8325546111576977	0.8261417708739434	0.8325546111576977	0.8325546111576977	0.8248338543207744	0.8274579944641648	0.8277913420119327	0.8153316820995604	0.8202898140610352	0.8325546111576978
14	1.0	1.0	0.814733410655205	0.8245237294181808	0.8325546111576978	0.8325546111576978	0.8325546111576978	0.8105229635567158	1.0	0.8004572891477328	0.8325546111576978	0.8216427769241084	0.8325546111576978	0.8190302629858639	0.0	0.8248819674776299	0.8091007891756299	0.7894314954468271	0.8325546111576978	0.8132338481814947	0.8325546111576978	0.8325546111576978	0.8325546111576978	0.8325546111576978	0.8232808184307153	0.8263970933268154	0.8211824925823984	0.8295178415828661	0.8179158132827486	0.8325546111576977	0.8325546111576977	0.8159790469809395	0.827406247567353	0.79763358410317	0.8325546111576978	0.8201419119131816	0.8283406063534065	0.8232455835888114	0.8135155648912837	0.8187480618447073	0.8325546111576978	0.8200088198291183	0.818192036250432	0.8127941962449261	0.8101678109902938	0.8184956923767686	0.8325546111576978	0.8325546111576978	0.8325546111576978	0.8325546111576978	0.8275306361059422	0.8325546111576978	0.8179391659134603	0.821257772862565	0.8282276091953111	0.816809365742339	0.8325546111576977	0.8167803206141998	0.8204217648115529	0.8193900352762461	0.8210003403240667	0.8231325663321091	0.8276794822722663	0.8115152494572796	0.8097801541967631	0.8220611520397009	0.8223328916269517	0.8282283597933344	0.8096027640678478	0.8325546111576978	0.8185806228001845	0.7771202910391285	0.8267811662801965	0.8197743916681476	0.8325546111576978	0.8325546111576977	0.8227917234208301	0.7618686002883931	0.8227215316380303	0.8188783260734012	0.813386984165628	0.8264434019172233	0.8325546111576978	0.8054434101617414	0.7842192511986352	0.8325546111576978	0.8084899906618049	0.8288485217654163	0.8104566569033557	0.8235185302170429	0.8272918903674349	0.8178685847170377	0.8325546111576978	0.8280749514619845	0.8206971973935531	0.8269891718259189	0.8325546111576978	0.8276120113359976	0.8204461185265018	0.8114633144627514
15	1.0	1.0	0.8325546111576977	0.8293936611362445	0.8325546111576977	0.8263291302276783	0.8208577328414631	0.8325546111576977	1.0	0.8265456881951904	0.8325546111576977	0.8171102239690574	0.8325546111576978	0.8138621256427073	0.8248819674776299	0.0	0.8325546111576977	0.8273332589626937	0.7229672963068976	0.8216385547157866	0.8325546111576978	0.8325546111576978	0.8325546111576977	0.8275312432921521	0.8325546111576977	0.8223494952784384	0.8213445908410963	0.8282662906499256	0.8325546111576978	0.8325546111576977	0.8162450455742101	0.8325546111576977	0.8325546111576977	0.8227486424479307	0.8277241074355688	0.8325546111576977	0.8193793874876719	0.8216340029675954	0.8210419514292377	0.795032965205022	0.8325546111576977	0.825840692553115	0.8028975356706025	0.8267123636763203	0.8278156020930341	0.8325546111576977	0.8204243034478549	0.8325546111576977	0.8325546111576978	0.8271152791604768	0.7643736164819981	0.8325546111576978	0.8284887577578937	0.8325546111576977	0.8325546111576977	0.8201197613697577	0.8267245287841333	0.8270121151000418	0.8156711716137556	0.8325546111576977	0.7988400969221204	0.8270753950524339	0.8275888143097574	0.8182207883025268	0.8325546111576978	0.8325546111576977	0.8267730684811857	0.8325546111576977	0.8025212497657438	0.8230642400025077	0.8143942435802446	0.8196108859468464	0.823321709092255	0.8325546111576977	0.8233269048998617	0.820938535800621	0.8077909268975413	0.8051809536127841	0.8239733240973827	0.8325546111576977	0.8325546111576977	0.8325546111576978	0.8325546111576977	0.8244949971893469	0.8265564803694203	0.821998646036436	0.8167338891019502	0.8325546111576977	0.8325546111576977	0.8325546111576977	0.8325546111576977	0.8325546111576977	0.8325546111576977	0.8244460395682094	0.8265205978724215	0.8284135703668308	0.8261618897829788	0.8325546111576977	0.8257044989719916	0.8226981648376945
16	1.0	1.0	0.8286713149879273	0.8226279687940163	0.8325546111576977	0.8325546111576977	0.8325546111576977	0.8325546111576977	1.0	0.8325546111576977	0.8325546111576977	0.8198041985522377	0.8325546111576978	0.8211491630951925	0.8091007891756299	0.8325546111576977	0.0	0.8152680452571277	0.8325546111576978	0.823974423446367	0.8325546111576978	0.8325546111576978	0.8325546111576977	0.81554886461151	0.8246090465164174	0.8278667164288961	0.8217546270708666	0.8325546111576978	0.8027291690387676	0.8127103206696163	0.8325546111576977	0.8325546111576977	0.8268264549172974	0.8169484572164007	0.8278406208821398	0.8325546111576977	0.8325546111576977	0.828980204740178	0.8258456697464135	0.8257147794510672	0.8325546111576977	0.8268492665633159	0.8221073954915387	0.8325546111576977	0.7721242912751712	0.8325546111576977	0.8118364624025538	0.8325546111576977	0.8325546111576978	0.8325546111576977	0.8325546111576977	0.8288619440895142	0.8325546111576978	0.8325546111576977	0.8113029120666688	0.8183128188630776	0.8200681107526455	0.7759772833918527	0.8244953355043158	0.8325546111576977	0.8280456174953849	0.8241951648267078	0.8269770861983977	0.8203882138205538	0.8277400066190427	0.8218708648755897	0.8325546111576977	0.8267746225846248	0.8251825557042284	0.8277028928029645	0.7880200848289504	0.8174457535413183	0.8325546111576977	0.8080497716054664	0.8325546111576977	0.8325546111576977	0.811237322808893	0.8118350195523986	0.8137613523586784	0.8272861507330836	0.7987093542564416	0.8325546111576978	0.8254126121119889	0.8162916078744927	0.7973239074573187	0.8289341024844646	0.8018793738637708	0.8281445076258924	0.8325546111576977	0.8159378222450709	0.8325546111576977	0.828289281056051	0.8173049438039859	0.8325546111576977	0.8088183598186919	0.8278464923091515	0.8325546111576977	0.8262354642025581	0.8325546111576977	0.8285613053575268
17	1.0	1.0	0.8101920396862229	0.8254056097072566	0.8325546111576977	0.8000790255062669	0.8199824883710116	0.766287387544815	1.0	0.7419896312013046	0.8325546111576977	0.8274523002385434	0.8217030199173873	0.8290602066207642	0.7894314954468271	0.8273332589626937	0.8152680452571277	0.0	0.8173165240638821	0.8168262492707801	0.8325546111576977	0.8325546111576977	0.8325546111576977	0.8265718396364871	0.8325546111576977	0.8273207500036067	0.8175030188591591	0.8295915619501777	0.8242688359358613	0.8122394114988445	0.8325546111576977	0.8325546111576977	0.8280189445968705	0.770681756052841	0.814836085237398	0.8085770408689185	0.8325546111576977	0.8264679700963685	0.8159139105983584	0.8269226209605575	0.8325546111576977	0.8141672141362625	0.819710240862886	0.8325546111576977	0.8061487069149824	0.8241504807507576	0.8200000413946239	0.8325546111576977	0.8325546111576977	0.8325546111576977	0.8325546111576977	0.8245647118428998	0.8273336046189655	0.8325546111576977	0.821354887624538	0.8325546111576977	0.8325546111576977	0.8265043983533583	0.8325546111576977	0.8257903518469608	0.8159475445331159	0.8282018772115807	0.8325546111576977	0.8101227864503104	0.8279904819912755	0.8325546111576977	0.8185863576482373	0.8242448142452711	0.8258941109392578	0.8325546111576977	0.7968786257980115	0.7897326452045024	0.8325546111576977	0.8135379861266606	0.8072390144638854	0.8247266898288343	0.8157773480169455	0.7996171301398545	0.8122527468472908	0.8138102348021902	0.8272789069182254	0.8325546111576977	0.8239257936289841	0.8192177535631419	0.7905394667646972	0.824472980027	0.7540889299200045	0.8165500545507494	0.8232154566677319	0.8325546111576977	0.8325546111576977	0.8097913960789868	0.818685719848905	0.8147537264995788	0.8164116415645634	0.8114755539243401	0.8225301682817898	0.8325546111576977	0.8206594034391204	0.8325546111576977
18	1.0	1.0	0.8325546111576978	0.8325546111576978	0.8325546111576978	0.8325546111576978	0.8221189619945366	0.8325546111576977	1.0	0.7876152415724987	0.8325546111576978	0.8270507304238964	0.8325546111576978	0.8325546111576978	0.8325546111576978	0.7229672963068976	0.8325546111576978	0.8173165240638821	0.0	0.8325546111576978	0.8325546111576978	0.8325546111576978	0.8325546111576978	0.8256508532413624	0.8279941440355115	0.8325546111576978	0.8271780842635947	0.8325546111576978	0.8284239834455834	0.8325546111576977	0.8325546111576977	0.8144373024673479	0.8325546111576978	0.8325546111576977	0.8325546111576978	0.8325546111576977	0.8325546111576978	0.827831316404888	0.8325546111576978	0.8124625152234921	0.8325546111576978	0.8325546111576978	0.7874748271503909	0.8227011461037878	0.8090677141582131	0.8271411643117572	0.8143852962697828	0.8325546111576978	0.8325546111576978	0.828000280176152	0.8325546111576977	0.8325546111576978	0.8325546111576978	0.8325546111576978	0.7736661898282496	0.8325546111576978	0.8325546111576977	0.8325546111576977	0.8325546111576977	0.8325546111576978	0.8106987239675943	0.8325546111576978	0.8325546111576978	0.8325546111576978	0.8325546111576978	0.8325546111576978	0.8206273149456681	0.8325546111576977	0.8078666149118938	0.8325546111576978	0.8210146266481635	0.8325546111576978	0.8245265391037373	0.8325546111576977	0.8279649642708655	0.8325546111576977	0.8325546111576978	0.8325546111576978	0.8275009047280967	0.8184904707416263	0.8325546111576978	0.8267751249240602	0.8266340181551235	0.8265133983619232	0.8012762615783298	0.8325546111576978	0.8184789373699527	0.8325546111576977	0.8222607876909678	0.8325546111576977	0.8325546111576978	0.8111144206889433	0.8186784160122423	0.8076050426282535	0.8210727916826882	0.8215326261718233	0.8287257891129932	0.8325546111576978	0.8325546111576978	0.8325546111576978
19	1.0	1.0	0.8254294498119198	0.8259523681284413	0.8325546111576978	0.8325546111576978	0.8254778428827421	0.82735640858681	1.0	0.8325546111576978	0.8325546111576978	0.8086921711609537	0.8100856227749795	0.8325546111576978	0.8132338481814947	0.8216385547157866	0.823974423446367	0.8168262492707801	0.8325546111576978	0.0	0.8325546111576978	0.8325546111576978	0.8325546111576978	0.8325546111576978	0.8325546111576977	0.8080715732852705	0.8156171325915188	0.8289129343192002	0.8176865428692418	0.8070358581165907	0.8325546111576977	0.8325546111576978	0.8325546111576978	0.8325546111576977	0.8195509257259158	0.8325546111576977	0.8057833912561768	0.8052368231576404	0.8256086021791043	0.8286082896702415	0.8325546111576978	0.8230976977148068	0.8068664814094028	0.8241191697497305	0.8207733190844811	0.8276532998888104	0.8129208442500808	0.8325546111576978	0.8278137773609076	0.8325546111576978	0.8079215571274265	0.8280588930624926	0.8054694110858834	0.8325546111576978	0.8198611003002215	0.8325546111576978	0.8325546111576977	0.8257334415727661	0.8109514359978497	0.8325546111576978	0.801070778687177	0.8185164581405452	0.8325546111576978	0.8191567130824721	0.8268815521242829	0.8207826373469801	0.8282733603270495	0.8325546111576977	0.7869595027633958	0.8185968723432409	0.680642190505834	0.7130567839932508	0.8076805504879486	0.8292552931114834	0.8325546111576978	0.8325546111576977	0.8171413919448314	0.7019404121649675	0.8325546111576977	0.8134949419285882	0.8211373309115917	0.8230617940856225	0.8325546111576978	0.7802241197529236	0.8153816246936797	0.818917996779275	0.8016787822330316	0.8325546111576977	0.815530855350537	0.8290090431864696	0.8325546111576978	0.8261062147348293	0.8224195517205868	0.8325546111576978	0.8169991641849909	0.8216701785235039	0.8171020934087885	0.8325546111576978	0.8325546111576978	0.7946724981584528
20	1.0	1.0	0.8325546111576978	0.8325546111576978	0.8325546111576978	0.8325546111576978	0.8325546111576978	0.8325546111576977	1.0	0.8325546111576978	0.8325546111576978	0.8325546111576978	0.7899173608253053	0.8325546111576978	0.8325546111576978	0.8325546111576978	0.8325546111576978	0.8325546111576977	0.8325546111576978	0.8325546111576978	0.0	0.8325546111576978	0.8325546111576978	0.8325546111576978	0.8325546111576977	0.8325546111576978	0.8325546111576978	0.8325546111576978	0.8325546111576978	0.8325546111576977	0.7918910263118697	0.8325546111576978	0.8325546111576978	0.8325546111576977	0.8325546111576978	0.8325546111576977	0.8325546111576978	0.8325546111576978	0.8325546111576978	0.8325546111576978	0.8325546111576978	0.8325546111576978	0.8325546111576977	0.82161846637513	0.8325546111576978	0.8325546111576978	0.8325546111576978	0.8325546111576978	0.8325546111576978	0.8325546111576978	0.8325546111576977	0.8325546111576978	0.8325546111576978	0.8325546111576978	0.8325546111576977	0.8325546111576978	0.8325546111576977	0.8325546111576977	0.8325546111576977	0.8325546111576978	0.8325546111576978	0.8325546111576978	0.8325546111576978	0.8325546111576978	0.8325546111576978	0.8325546111576978	0.8325546111576978	0.8235306734033117	0.8325546111576978	0.8325546111576978	0.8325546111576977	0.8325546111576978	0.8213526750381244	0.8325546111576977	0.8325546111576978	0.8325546111576977	0.8325546111576978	0.8325546111576978	0.8325546111576977	0.8325546111576978	0.8325546111576978	0.8325546111576978	0.8325546111576978	0.8325546111576977	0.8325546111576978	0.8325546111576978	0.8325546111576977	0.8325546111576977	0.8325546111576978	0.8325546111576977	0.8325546111576978	0.8325546111576978	0.8325546111576978	0.8325546111576978	0.8325546111576978	0.8325546111576977	0.8325546111576978	0.8325546111576978	0.8325546111576978	0.8325546111576978
21	1.0	1.0	0.8325546111576978	0.8325546111576978	0.8325546111576978	0.8325546111576978	0.8325546111576978	0.8325546111576977	1.0	0.8325546111576978	0.8325546111576978	0.8325546111576978	0.8325546111576978	0.8253613817110763	0.8325546111576978	0.8325546111576978	0.8325546111576978	0.8325546111576977	0.8325546111576978	0.8325546111576978	0.8325546111576978	0.0	0.8325546111576978	0.8325546111576978	0.8325546111576977	0.8325546111576978	0.8325546111576978	0.8325546111576978	0.8325546111576978	0.8325546111576977	0.8325546111576977	0.8325546111576978	0.8259218061888726	0.8325546111576977	0.8325546111576978	0.8325546111576977	0.8215359102081821	0.8325546111576978	0.8325546111576978	0.8325546111576978	0.8325546111576978	0.8325546111576978	0.8325546111576977	0.8325546111576978	0.8325546111576978	0.8325546111576978	0.8325546111576978	0.8325546111576978	0.8325546111576978	0.8325546111576978	0.8325546111576977	0.8325546111576978	0.8325546111576978	0.8325546111576978	0.8234083323642852	0.8325546111576978	0.8244755194150901	0.8325546111576977	0.8232949966572924	0.8325546111576978	0.8325546111576978	0.8325546111576978	0.8325546111576978	0.8325546111576978	0.8325546111576978	0.8214105745470511	0.8325546111576978	0.8325546111576977	0.8325546111576978	0.8325546111576978	0.8325546111576977	0.8325546111576978	0.8325546111576978	0.8265574057621429	0.8325546111576978	0.8254433612892529	0.8231343197949957	0.8325546111576978	0.8325546111576977	0.8325546111576978	0.8325546111576978	0.8325546111576978	0.8325546111576978	0.8325546111576977	0.8325546111576978	0.8325546111576978	0.8325546111576977	0.8325546111576977	0.8223543947261138	0.8325546111576977	0.8325546111576978	0.8325546111576978	0.8325546111576978	0.8325546111576978	0.8325546111576978	0.8325546111576977	0.8325546111576978	0.825803491828225	0.8325546111576978	0.8222450843079028
22	1.0	1.0	0.8325546111576977	0.8325546111576977	0.8325546111576977	0.8325546111576977	0.8325546111576977	0.8325546111576977	1.0	0.8325546111576977	0.8325546111576977	0.8325546111576977	0.8325546111576978	0.8325546111576977	0.8325546111576978	0.8325546111576977	0.8325546111576977	0.8325546111576977	0.8325546111576978	0.8325546111576978	0.8325546111576978	0.8325546111576978	0.0	0.8325546111576978	0.8221276519499705	0.8231157534873988	0.8325546111576977	0.8325546111576978	0.8246410000388219	0.8271961470151072	0.8325546111576977	0.8325546111576977	0.8325546111576977	0.8325546111576977	0.8325546111576977	0.8325546111576977	0.8325546111576977	0.8325546111576977	0.8325546111576977	0.8325546111576977	0.8325546111576977	0.8325546111576977	0.8325546111576977	0.8325546111576977	0.8229827478530598	0.8325546111576977	0.8325546111576977	0.8325546111576977	0.8258358100813167	0.8325546111576977	0.8325546111576977	0.8325546111576978	0.8325546111576978	0.8325546111576977	0.8325546111576977	0.8325546111576977	0.8213223925183808	0.8325546111576977	0.8325546111576977	0.8325546111576977	0.8325546111576977	0.8325546111576977	0.8325546111576977	0.8111505395310786	0.8325546111576978	0.8325546111576977	0.8325546111576977	0.8325546111576977	0.8325546111576977	0.8325546111576977	0.8325546111576977	0.8325546111576978	0.8325546111576977	0.8325546111576977	0.8325546111576977	0.8325546111576977	0.8325546111576977	0.8325546111576977	0.8325546111576977	0.8325546111576977	0.8325546111576977	0.8325546111576978	0.8325546111576977	0.8325546111576977	0.8325546111576977	0.8325546111576977	0.8325546111576977	0.8325546111576977	0.8325546111576977	0.8325546111576977	0.8325546111576977	0.8325546111576977	0.8325546111576977	0.8325546111576977	0.8325546111576977	0.8325546111576977	0.8325546111576977	0.8325546111576977	0.8325546111576977	0.8325546111576978
