	0	1	2	3	4	5	6	7	8	9	10	11	12	13	14	15	16	17	18	19	20	21	22	23	24	25	26	27	28	29	30	31	32	33	34	35	36	37	38	39	40	41	42	43	44	45	46	47	48	49	50	51	52	53	54	55	56	57	58	59	60	61	62	63	64	65	66	67	68	69	70	71	72	73	74	75	76	77	78	79	80	81	82	83	84	85	86	87	88	89	90	91	92	93	94	95	96	97	98	99
0	0.0	0.8325546111576977	0.8259257567204513	1.0	0.8283385563616488	0.8325546111576977	0.8325546111576977	0.8325546111576977	0.8278884080220668	0.8325546111576977	1.0	0.8250501262437566	0.8325546111576977	0.8096539551591546	0.8325546111576977	0.8284113204692733	0.8158346968699838	0.8285952610220708	0.8325546111576977	0.8325546111576977	0.8325546111576977	0.8325546111576977	0.8325546111576977	1.0	0.8228794997847232	0.8253559147990732	0.8325546111576977	0.8296492001385518	0.8174371374986764	0.8325546111576977	0.8325546111576977	0.8203968384729288	0.822661170661975	0.8259973518181534	0.8325546111576977	0.8325546111576977	0.8325546111576977	0.8281829539333295	0.8325546111576977	0.823289482304486	0.8150872478397712	0.8240941199854261	0.8325546111576977	0.8325546111576977	0.8325546111576977	0.8241891209804755	0.8325546111576977	0.8225628454730676	0.8325546111576977	0.8325546111576977	0.74982711153386	0.7436770025610933	0.8325546111576977	0.8138717353410864	0.8325546111576977	0.8325546111576977	0.8246869422120755	0.8325546111576977	0.8188081730066633	0.8325546111576977	0.8325546111576977	0.8325546111576977	0.8325546111576977	0.8325546111576977	0.8129779372021799	0.8144089150437214	0.7559553814494927	0.8101447008080113	0.7761890730218876	0.8325546111576977	0.8126044353528721	0.8325546111576977	0.8258103634803955	0.8325546111576977	0.7721225797277441	0.765581531829079	0.8325546111576977	0.8325546111576977	0.8325546111576977	0.8116653723375689	0.8039649051964683	0.8325546111576977	0.8325546111576977	0.8220862700010059	0.8243095920311638	0.8325546111576977	0.8325546111576977	0.8129393323301144	0.8149302809720441	0.8325546111576977	0.8325546111576977	0.8215024386566847	0.8193762972984582	0.8259202220655537	0.800460943014136	0.8263894005262336	0.8266695859173542	0.8025076816280504	0.8059383735684514	0.8036137475468729
1	0.8325546111576977	0.0	0.8325546111576977	1.0	0.8210695875651762	0.8325546111576977	0.8325546111576977	0.8253762223028323	0.8198708330867301	0.8325546111576977	1.0	0.8325546111576977	0.8325546111576977	0.8325546111576977	0.8325546111576977	0.8225987322666372	0.8325546111576978	0.8264857965144712	0.8325546111576977	0.8251747127035524	0.8259365853498823	0.8325546111576977	0.8325546111576977	1.0	0.8271276894977883	0.8269937260062946	0.8325546111576977	0.8325546111576977	0.8325546111576978	0.8325546111576977	0.8325546111576977	0.8275139820281422	0.8325546111576977	0.8325546111576977	0.8325546111576978	0.829289398133046	0.8325546111576977	0.8325546111576977	0.8325546111576977	0.8265883032538178	0.8325546111576977	0.8325546111576977	0.8325546111576977	0.8325546111576977	0.822414288590205	0.8325546111576977	0.8325546111576977	0.8325546111576977	0.8325546111576977	0.8325546111576977	0.8325546111576977	0.8325546111576977	0.8215496391176714	0.8325546111576977	0.8325546111576977	0.8325546111576978	0.8128761735434136	0.8325546111576977	0.8274238759193344	0.8325546111576978	0.809874170613845	0.8325546111576978	0.8325546111576978	0.8325546111576977	0.8325546111576977	0.8325546111576977	0.8325546111576977	0.8325546111576978	0.8325546111576978	0.8325546111576978	0.8325546111576977	0.8325546111576977	0.8325546111576978	0.8222570950654158	0.8325546111576977	0.8325546111576977	0.82391424610719	0.8325546111576977	0.8325546111576977	0.8325546111576977	0.8325546111576977	0.8325546111576978	0.8325546111576977	0.8325546111576977	0.8325546111576977	0.8325546111576977	0.8325546111576977	0.8325546111576978	0.8271676457067657	0.8279420454026452	0.8325546111576978	0.8325546111576977	0.8325546111576978	0.8276487577932674	0.8325546111576977	0.8325546111576978	0.8325546111576977	0.8325546111576978	0.8325546111576978	0.8325546111576977
2	0.8259257567204513	0.8325546111576977	0.0	1.0	0.8325546111576977	0.8188858258901687	0.8145122085525854	0.8325546111576977	0.8325546111576977	0.8271074105351601	1.0	0.7991056468423525	0.8078494128156581	0.8325546111576977	0.7751657350512013	0.8102946278515185	0.8325546111576977	0.8085752101685421	0.8325546111576977	0.8325546111576977	0.8325546111576977	0.8248294062953947	0.8191615870816704	1.0	0.7682310625560657	0.7860814335202904	0.8325546111576977	0.8298923581378205	0.7924621181600777	0.8092402198699357	0.8235428192806109	0.8200970353691588	0.8325546111576977	0.8119168975272579	0.8208070211140601	0.8214220229705201	0.8325546111576977	0.8171199563462324	0.8243574480132138	0.8264212558962385	0.8325546111576977	0.7926025664384444	0.8280635781518283	0.8007153424957133	0.8249906428132847	0.7653310516974365	0.8150333555424196	0.8272074162575839	0.8265089468195658	0.8262699604128408	0.82248735470808	0.8325546111576977	0.8325546111576977	0.8061379843527297	0.8106258380324682	0.8325546111576977	0.8015614241450131	0.827710010263826	0.8325546111576977	0.8325546111576977	0.8325546111576977	0.8221799152226612	0.8279365649362579	0.8198979311319512	0.8115694130876864	0.822381849820347	0.8279205040930365	0.7994905552916911	0.8325546111576977	0.82043857294557	0.7750011967891115	0.8271459514384502	0.7964165638363917	0.8217156724685333	0.8276834967078299	0.8247624588304167	0.8246593282978009	0.8147235869109704	0.8218550481724176	0.8084981852035834	0.8278335992666422	0.8157019733726704	0.8194066845896786	0.8284421754456985	0.8041198207779259	0.8092837434864814	0.8325546111576977	0.8272208218379403	0.8229633083619999	0.8325546111576977	0.8262840231565454	0.8240909022720323	0.818655095149048	0.7944225819993213	0.8325546111576977	0.8029859612319199	0.8211615484712441	0.8276905621121122	0.6608855833025811	0.8265544030862009
3	1.0	1.0	1.0	0.0	1.0	1.0	1.0	1.0	1.0	1.0	1.0	1.0	1.0	1.0	1.0	1.0	1.0	1.0	1.0	1.0	1.0	1.0	1.0	1.0	1.0	1.0	1.0	1.0	1.0	1.0	1.0	1.0	1.0	1.0	1.0	1.0	1.0	1.0	1.0	1.0	1.0	1.0	1.0	1.0	1.0	1.0	1.0	1.0	1.0	1.0	1.0	1.0	1.0	1.0	1.0	1.0	1.0	1.0	1.0	1.0	1.0	1.0	1.0	1.0	1.0	1.0	1.0	1.0	1.0	1.0	1.0	1.0	1.0	1.0	1.0	1.0	1.0	1.0	1.0	1.0	1.0	1.0	1.0	1.0	1.0	1.0	1.0	1.0	1.0	1.0	1.0	1.0	1.0	1.0	1.0	1.0	1.0	1.0	1.0	1.0
4	0.8283385563616488	0.8210695875651762	0.8325546111576977	1.0	0.0	0.827157793825427	0.8325546111576977	0.8325546111576977	0.8325546111576978	0.8282240190111945	1.0	0.8273949176125387	0.8325546111576977	0.8279774368087354	0.8325546111576977	0.8325546111576977	0.8325546111576978	0.8325546111576977	0.8271520652458982	0.8325546111576977	0.8325546111576978	0.8325546111576977	0.8182276094240718	1.0	0.8325546111576977	0.8325546111576978	0.8067626032997411	0.8325546111576977	0.8248693961698726	0.8198537315382232	0.8190663809246861	0.8325546111576978	0.823600162991201	0.8204684133105073	0.8325546111576978	0.8325546111576977	0.8153479248788909	0.8325546111576977	0.8325546111576977	0.8325546111576977	0.8325546111576977	0.8325546111576977	0.8325546111576977	0.8325546111576977	0.8291962567126026	0.8325546111576977	0.8325546111576977	0.8259555552056957	0.8325546111576977	0.8325546111576977	0.8325546111576977	0.8281637879364958	0.8224658468287624	0.8325546111576977	0.8325546111576977	0.8325546111576978	0.7920303337493896	0.8325546111576977	0.8325546111576978	0.8325546111576978	0.8132668509802405	0.8325546111576978	0.8325546111576978	0.8325546111576977	0.8325546111576977	0.8325546111576977	0.8281011271865011	0.8325546111576978	0.8325546111576978	0.8325546111576978	0.8325546111576977	0.8250123392724343	0.8238529257173959	0.8288436841185937	0.8276219929642026	0.8325546111576977	0.8325546111576978	0.8325546111576977	0.8262977139395624	0.8325546111576977	0.8274438886993875	0.8294356708448114	0.8325546111576977	0.8282630630719734	0.8325546111576977	0.8199210229224735	0.8325546111576977	0.8325546111576978	0.8325546111576978	0.8325546111576978	0.8171506168198713	0.8211938745643247	0.8162354941155151	0.8325546111576977	0.8325546111576977	0.8325546111576978	0.8325546111576977	0.8270150393452993	0.8325546111576978	0.8325546111576977
5	0.8325546111576977	0.8325546111576977	0.8188858258901687	1.0	0.827157793825427	0.0	0.8325546111576977	0.8235518907405107	0.8325546111576978	0.8286394636246671	1.0	0.8325546111576977	0.8325546111576977	0.8292808149089114	0.8325546111576977	0.8325546111576977	0.8173631976180411	0.8325546111576977	0.8325546111576977	0.8261948905086771	0.8325546111576978	0.8325546111576977	0.8279210795017836	1.0	0.8325546111576977	0.8325546111576978	0.8325546111576977	0.8288258380092105	0.8274583035145024	0.803936422536938	0.8325546111576977	0.8286878915797797	0.8149416331806847	0.8325546111576977	0.8325546111576978	0.8255190535906805	0.8222448178909106	0.8242441547018162	0.8278625695976636	0.8173756883411522	0.8325546111576977	0.8255230855900678	0.8325546111576977	0.8242468893521385	0.8325546111576977	0.8214354047284537	0.8325546111576977	0.8192584505178877	0.8325546111576977	0.8325546111576977	0.8257840078124231	0.8325546111576977	0.8325546111576978	0.8325546111576977	0.8325546111576977	0.8325546111576978	0.8325546111576977	0.8214458649735404	0.8263384490705825	0.8325546111576978	0.8196863632935131	0.8273558318068192	0.8325546111576978	0.8325546111576977	0.8261869658510395	0.8280471997350737	0.8325546111576977	0.8084177067298634	0.7957363591923639	0.8118657827051482	0.8276165822476332	0.821707954545379	0.8105436465584279	0.8325546111576977	0.8113244747981937	0.8277032153994723	0.8145531171452544	0.8216670669936815	0.8222905812479884	0.8325546111576977	0.8084449073027644	0.8325546111576978	0.8325546111576977	0.8325546111576977	0.8207591512345355	0.8142252585407339	0.8251881039790085	0.8219809582828183	0.8325546111576978	0.817556522062479	0.8178124684012094	0.8325546111576977	0.8097010959221023	0.8276286415683388	0.8236397355210403	0.8325546111576978	0.8067955653158988	0.8325546111576978	0.8247019569751788	0.8271163666125199
6	0.8325546111576977	0.8325546111576977	0.8145122085525854	1.0	0.8325546111576977	0.8325546111576977	0.0	0.8325546111576977	0.8325546111576978	0.8325546111576977	1.0	0.805034579863831	0.8325546111576977	0.8325546111576977	0.8325546111576977	0.8216819398467959	0.8325546111576978	0.8236422102330073	0.8239190824232718	0.8325546111576977	0.8325546111576978	0.8291153452516478	0.8325546111576977	1.0	0.7972782071194024	0.7998386323809892	0.8325546111576977	0.8230547962985704	0.7978230113520672	0.8272149737306137	0.7466009030260066	0.8260087872237792	0.8229652216656613	0.8325546111576977	0.8325546111576978	0.8100421651559845	0.8137776415184125	0.8185102135149493	0.8275159412724362	0.8325546111576977	0.8262097974218918	0.808772854016303	0.8194186572548307	0.8125076750460992	0.8264621874723829	0.8166389555898269	0.8264773003671717	0.8286723705228073	0.8263532209889813	0.8325546111576977	0.8262599271905359	0.8325546111576977	0.8270654543693675	0.8119007946131541	0.8165987710323501	0.8325546111576978	0.8024214922199165	0.8214858345706095	0.8286843075754077	0.8325546111576978	0.8259480536204276	0.7956246186040125	0.8200606152663037	0.8125430705739057	0.8276730968706785	0.8246665233627671	0.8325546111576977	0.7778365447113401	0.8325546111576978	0.7925856122479981	0.7850752888347395	0.811246405713844	0.8153752720981997	0.8281542330173404	0.8240828697151084	0.8274165800783055	0.8325546111576978	0.7933044059414565	0.8117689779476467	0.8250202882047191	0.8227189783312352	0.8325546111576978	0.8204998261770907	0.8181523277069285	0.8269710750030743	0.8195094578086042	0.8325546111576977	0.827076126946528	0.827552950219728	0.8325546111576978	0.8325546111576978	0.8226590913279869	0.8186309490788499	0.8203080691114384	0.8325546111576977	0.8184709602814585	0.8130305828508719	0.799368105244416	0.7964268543955544	0.818598315559724
7	0.8325546111576977	0.8253762223028323	0.8325546111576977	1.0	0.8325546111576977	0.8235518907405107	0.8325546111576977	0.0	0.8255179713537418	0.8325546111576977	1.0	0.8325546111576977	0.8325546111576977	0.8325546111576977	0.8325546111576977	0.8325546111576977	0.8325546111576978	0.8325546111576977	0.8080104922080091	0.8325546111576977	0.8325546111576978	0.8259653950437013	0.8325546111576977	1.0	0.8325546111576977	0.8325546111576978	0.8325546111576977	0.8325546111576977	0.8325546111576978	0.8325546111576977	0.8325546111576977	0.8325546111576978	0.8325546111576977	0.8325546111576977	0.8325546111576978	0.8260066875107168	0.8325546111576977	0.8325546111576977	0.8325546111576977	0.8252778719497215	0.8325546111576977	0.8325546111576977	0.8325546111576977	0.8247753370651815	0.8187898596559895	0.8325546111576977	0.8325546111576977	0.8325546111576977	0.8325546111576977	0.8325546111576977	0.8325546111576977	0.8325546111576977	0.8325546111576978	0.8256642385469921	0.8325546111576977	0.8325546111576978	0.8325546111576977	0.8325546111576977	0.8325546111576978	0.8325546111576978	0.8240880671927342	0.8325546111576978	0.8325546111576978	0.8325546111576977	0.8325546111576977	0.8325546111576977	0.8325546111576977	0.8228717454988773	0.8186699537548766	0.8176756798423158	0.8325546111576977	0.8325546111576977	0.8325546111576978	0.8325546111576977	0.8325546111576977	0.8325546111576977	0.8325546111576978	0.8325546111576977	0.8325546111576977	0.8325546111576977	0.8325546111576977	0.8325546111576978	0.8325546111576977	0.8226810937837953	0.8325546111576977	0.8325546111576977	0.8325546111576977	0.8253600507038024	0.8325546111576978	0.8325546111576978	0.8325546111576978	0.8231175725163574	0.8325546111576978	0.8254393355197516	0.8245219482471324	0.8325546111576978	0.8325546111576977	0.8325546111576978	0.8325546111576978	0.8325546111576977
8	0.8278884080220668	0.8198708330867301	0.8325546111576977	1.0	0.8325546111576978	0.8325546111576978	0.8325546111576978	0.8255179713537418	0.0	0.8325546111576978	1.0	0.829340544481961	0.8279938951707774	0.817682666710677	0.8325546111576977	0.8257073239512027	0.8325546111576978	0.8047149216135491	0.8325546111576977	0.8325546111576978	0.8325546111576978	0.814278877504194	0.8325546111576978	1.0	0.8325546111576978	0.8170927130878566	0.8325546111576977	0.8220096415273755	0.8325546111576978	0.8216310492560779	0.8266042306528844	0.8325546111576978	0.8325546111576978	0.8142918986127026	0.828605933446997	0.8325546111576978	0.8325546111576977	0.8277335543710757	0.8283979671081727	0.822608437576948	0.8267550140833506	0.8255444013405625	0.8325546111576978	0.8325546111576978	0.8288744139112736	0.8257914754669174	0.8325546111576977	0.8325546111576978	0.8325546111576978	0.8325546111576978	0.8325546111576978	0.8325546111576978	0.8247556781724843	0.8294387933694213	0.8298105550117156	0.8325546111576978	0.8325546111576978	0.8291273861410667	0.8296379861584521	0.8211426679561393	0.8325546111576978	0.8325546111576978	0.8325546111576978	0.8261350564695783	0.8325546111576978	0.8256177058773251	0.8325546111576978	0.8171704436025744	0.8256863465232998	0.8259252897711131	0.8325546111576977	0.8262773549497947	0.8280983807867418	0.7996595459716855	0.8288589615124167	0.8288926695102748	0.8220713258744005	0.8325546111576978	0.826086459545644	0.8325546111576977	0.8325546111576978	0.8325546111576978	0.8325546111576978	0.8272497432824558	0.8325546111576977	0.8207825666312241	0.8325546111576978	0.7998318651690135	0.8277951642635675	0.8325546111576978	0.8223978915258295	0.8325546111576978	0.8213040664271377	0.8204901858153795	0.8325546111576978	0.8325546111576978	0.8325546111576978	0.8247553848518361	0.8325546111576978	0.8325546111576978
9	0.8325546111576977	0.8325546111576977	0.8271074105351601	1.0	0.8282240190111945	0.8286394636246671	0.8325546111576977	0.8325546111576977	0.8325546111576978	0.0	1.0	0.8310388348453548	0.8325546111576977	0.8309722802697216	0.8302180150017523	0.8325546111576977	0.8302948716089547	0.8309575217524813	0.8325546111576977	0.8325546111576977	0.8325546111576978	0.8325546111576977	0.8269934814734372	1.0	0.8325546111576977	0.8325546111576978	0.8325546111576977	0.8325546111576977	0.8260265827001042	0.8279981127769339	0.8325546111576977	0.8325546111576978	0.8300120678651317	0.8299962317746906	0.8297296152253649	0.8325546111576977	0.8325546111576977	0.8325546111576977	0.8325546111576977	0.8325546111576977	0.8325546111576977	0.8325546111576977	0.8325546111576977	0.8242913077161457	0.8325546111576977	0.8248147254261717	0.8325546111576977	0.8310850685338954	0.830433855932833	0.8325546111576977	0.8275166838509062	0.8325546111576977	0.8302987140077418	0.8325546111576977	0.8302735362973609	0.8325546111576978	0.8325546111576977	0.8286389736898161	0.8325546111576978	0.8325546111576978	0.8276477481561447	0.8325546111576978	0.8325546111576978	0.8292636440748736	0.8162720078583859	0.8325546111576977	0.8325546111576977	0.8325546111576978	0.8325546111576978	0.828378875184489	0.8325546111576977	0.8302660210796594	0.8300562524905724	0.8297578106353168	0.8325546111576977	0.8325546111576977	0.8325546111576978	0.8325546111576977	0.8305157694164849	0.8325546111576977	0.8325546111576977	0.8297855009802807	0.8325546111576977	0.8325546111576977	0.8156792971118233	0.8300952298226956	0.8325546111576977	0.8325546111576978	0.8307473119959576	0.8325546111576978	0.8325546111576978	0.8286287677096673	0.8303620955532679	0.8290289629341941	0.8325546111576977	0.8325546111576978	0.8325546111576977	0.8325546111576978	0.8264437150515613	0.8325546111576977
10	1.0	1.0	1.0	1.0	1.0	1.0	1.0	1.0	1.0	1.0	0.0	1.0	1.0	1.0	1.0	1.0	1.0	1.0	1.0	1.0	1.0	1.0	1.0	1.0	1.0	1.0	1.0	1.0	1.0	1.0	1.0	1.0	1.0	1.0	1.0	1.0	1.0	1.0	1.0	1.0	1.0	1.0	1.0	1.0	1.0	1.0	1.0	1.0	1.0	1.0	1.0	1.0	1.0	1.0	1.0	1.0	1.0	1.0	1.0	1.0	1.0	1.0	1.0	1.0	1.0	1.0	1.0	1.0	1.0	1.0	1.0	1.0	1.0	1.0	1.0	1.0	1.0	1.0	1.0	1.0	1.0	1.0	1.0	1.0	1.0	1.0	1.0	1.0	1.0	1.0	1.0	1.0	1.0	1.0	1.0	1.0	1.0	1.0	1.0	1.0
11	0.8250501262437566	0.8325546111576977	0.7991056468423525	1.0	0.8273949176125387	0.8325546111576977	0.805034579863831	0.8325546111576977	0.829340544481961	0.8310388348453548	1.0	0.0	0.8325546111576977	0.8300220488889162	0.807772796922497	0.8325546111576977	0.8291712524498971	0.8186427840514232	0.8325546111576977	0.8285027443357991	0.8247866568241471	0.8246165728749244	0.8265788199844871	1.0	0.8130303453437561	0.8325546111576977	0.8325546111576977	0.8304175794572799	0.8150113538178149	0.8285653707806866	0.8151181913433242	0.8281460316668982	0.8325546111576977	0.8282742911364157	0.8098767219842781	0.8108994798723682	0.8186312393867508	0.8178620511506239	0.8155488432200196	0.8282351980994249	0.820283791522173	0.8120562966870423	0.8282230161551636	0.8242199892368095	0.8247432033509592	0.8148002028249173	0.8325546111576977	0.8325546111576977	0.8325546111576977	0.8287348674954447	0.8164729549276737	0.8285040556355473	0.8280061640706711	0.8097672787502569	0.8325546111576977	0.8325546111576977	0.798791466511749	0.8127771887096833	0.8268788627090264	0.8325546111576977	0.8283769800388826	0.805345383550323	0.821536214825137	0.8139937263158553	0.81360623194873	0.8287704350067202	0.8297734075978037	0.824550544688799	0.829367530223631	0.8095811504156399	0.7859893697928743	0.816764459927975	0.8183535588736438	0.8325546111576977	0.825406241544299	0.8104861441950063	0.8075786668756559	0.8138881614467245	0.8210267528596972	0.8154496025725374	0.813107293698804	0.8325546111576977	0.8286653904969545	0.8251373818795017	0.8162740135418499	0.8325546111576977	0.8325546111576977	0.8250708485421709	0.8258106964154913	0.8325546111576977	0.8325546111576977	0.8029296069938241	0.8325546111576977	0.8238751375327013	0.8325546111576977	0.8154820968122531	0.8146726916203545	0.8189208496852313	0.8081702547267138	0.8289883365678238
12	0.8325546111576977	0.8325546111576977	0.8078494128156581	1.0	0.8325546111576977	0.8325546111576977	0.8325546111576977	0.8325546111576977	0.8279938951707774	0.8325546111576977	1.0	0.8325546111576977	0.0	0.8274191358337795	0.8021100320039424	0.8185511801527794	0.8325546111576978	0.8286953658692833	0.8325546111576977	0.8325546111576977	0.8325546111576978	0.8291137464326377	0.8325546111576977	1.0	0.8325546111576977	0.8325546111576978	0.8325546111576977	0.8325546111576977	0.8325546111576978	0.8325546111576977	0.8325546111576977	0.8325546111576978	0.8325546111576977	0.7428892440484588	0.8325546111576978	0.828113794408484	0.8279687897184286	0.8325546111576977	0.8288418342447635	0.825167051470638	0.8325546111576977	0.8233434292118381	0.8325546111576977	0.8125058810704707	0.828655228313857	0.8054664458012848	0.8267231040622429	0.8325546111576977	0.8325546111576977	0.8325546111576977	0.8325546111576977	0.8325546111576977	0.8325546111576978	0.8325546111576977	0.8290601519770053	0.8325546111576978	0.8325546111576977	0.8325546111576977	0.8325546111576978	0.8325546111576978	0.8325546111576978	0.8325546111576978	0.8325546111576978	0.8325546111576977	0.8325546111576977	0.8277648932079706	0.8218333583181148	0.8181990677232361	0.8325546111576978	0.8275260769143366	0.8325546111576977	0.8325546111576977	0.8166303361713427	0.8295706528840698	0.8325546111576977	0.8325546111576977	0.8325546111576978	0.8325546111576977	0.8205410250686483	0.8289130001786678	0.8325546111576977	0.8325546111576978	0.8325546111576977	0.8325546111576977	0.826409773574537	0.8185491702196923	0.8247587782238005	0.8325546111576978	0.8216534907151956	0.8272578162459575	0.8158243861911951	0.8274227022123138	0.8325546111576978	0.8325546111576977	0.8325546111576977	0.7889763912539263	0.8148082950399256	0.8289763859618244	0.8325546111576978	0.8325546111576977
13	0.8096539551591546	0.8325546111576977	0.8325546111576977	1.0	0.8279774368087354	0.8292808149089114	0.8325546111576977	0.8325546111576977	0.817682666710677	0.8309722802697216	1.0	0.8300220488889162	0.8274191358337795	0.0	0.8325546111576977	0.8325546111576977	0.8325546111576977	0.8325546111576977	0.8325546111576977	0.8325546111576977	0.8325546111576977	0.8325546111576977	0.8269360039821158	1.0	0.8325546111576977	0.8325546111576977	0.8325546111576977	0.805938683912902	0.8325546111576977	0.8325546111576977	0.8282575761053051	0.8246576862865583	0.8325546111576977	0.8325546111576977	0.8325546111576977	0.8290860376085875	0.8325546111576977	0.8325546111576977	0.8325546111576977	0.8325546111576977	0.8197662768502355	0.8325546111576977	0.8325546111576977	0.828741558704753	0.8279824424369714	0.8325546111576977	0.8325546111576977	0.8113226786967435	0.8325546111576977	0.826023141493188	0.7922460771391149	0.7924373387422129	0.8325546111576977	0.8296135558338678	0.8325546111576977	0.8325546111576977	0.8269430087198424	0.8325546111576977	0.8222036095455608	0.8325546111576977	0.8268228289896581	0.8290697275046814	0.8325546111576977	0.8325546111576977	0.8071732337368899	0.8125003322914396	0.7929913642854074	0.8181061668169389	0.7790991716749306	0.8255281621061972	0.8325546111576977	0.8251133104875321	0.8325546111576977	0.8266623864222122	0.8049218201448144	0.7929442008349039	0.8213769735975586	0.8325546111576977	0.8227162434921181	0.8285966068788518	0.8165614027545517	0.8325546111576977	0.8325546111576977	0.8325546111576977	0.8325546111576977	0.8325546111576977	0.8262778875879467	0.8130188844395108	0.8190340277451587	0.8291090789119666	0.8228052900161019	0.828122532535696	0.8225859045927414	0.8206161134583121	0.8046070176087694	0.8325546111576977	0.8244653104813658	0.8035518836709108	0.8141782041272687	0.8089934628958397
14	0.8325546111576977	0.8325546111576977	0.7751657350512013	1.0	0.8325546111576977	0.8325546111576977	0.8325546111576977	0.8325546111576977	0.8325546111576977	0.8302180150017523	1.0	0.807772796922497	0.8021100320039424	0.8325546111576977	0.0	0.8266688343947804	0.8325546111576977	0.7922283179850551	0.8325546111576977	0.8325546111576977	0.8325546111576977	0.8273680067646848	0.8325546111576977	1.0	0.804518570009283	0.8053553470532613	0.8325546111576977	0.8325546111576977	0.8259968099572679	0.8186424312842956	0.820582019004277	0.8197291215000434	0.818866961565335	0.8102128499509785	0.7945530151110688	0.8325546111576977	0.8325546111576977	0.8089341801309624	0.8276240871238957	0.8325546111576977	0.8257157172554065	0.8042211258993877	0.8273167264988196	0.825319153810267	0.8204746145400855	0.8325546111576977	0.8325546111576977	0.8325546111576977	0.827438353375647	0.8325546111576977	0.8286080656453728	0.8325546111576977	0.8325546111576977	0.8325546111576977	0.827524190490014	0.8325546111576977	0.8120013515146312	0.8267962419126051	0.8325546111576977	0.8098581858851678	0.8187541610243395	0.8219771416585746	0.8325546111576977	0.8214097276284158	0.8325546111576977	0.8204714870639004	0.826268580620917	0.8325546111576977	0.820047051327359	0.8202468924329486	0.7756198917184152	0.8325546111576977	0.8169667038455038	0.8271435601287551	0.8325546111576977	0.8325546111576977	0.8270118884147445	0.8062387244465264	0.8218653705103368	0.8224344736038834	0.8325546111576977	0.8189185491907052	0.8157561044777075	0.8325546111576977	0.8167677724418356	0.8251623957117503	0.8286093621511713	0.8234741084586751	0.8325546111576977	0.8325546111576977	0.8004541814379141	0.8325546111576977	0.8232381875686641	0.8203729976337707	0.8204042148359428	0.8120008513317611	0.8325546111576977	0.8325546111576977	0.8070760034804486	0.8325546111576977
15	0.8284113204692733	0.8225987322666372	0.8102946278515185	1.0	0.8325546111576977	0.8325546111576977	0.8216819398467959	0.8325546111576977	0.8257073239512027	0.8325546111576977	1.0	0.8325546111576977	0.8185511801527794	0.8325546111576977	0.8266688343947804	0.0	0.8325546111576978	0.8325546111576977	0.8325546111576977	0.8252538305037226	0.7844117389987493	0.8325546111576977	0.8325546111576977	1.0	0.8228098831255378	0.7648577331685232	0.8325546111576977	0.8325546111576977	0.8226591669558874	0.8287001976671085	0.7980733387133128	0.8325546111576978	0.8197818971432281	0.7787350877015615	0.8325546111576978	0.8325546111576977	0.8325546111576977	0.8258008613942761	0.8325546111576977	0.8325546111576977	0.8325546111576977	0.8070127494800332	0.8190269465765563	0.8280565554954826	0.8272128135005982	0.805200774840565	0.8246756412707711	0.827742493629288	0.8325546111576977	0.8325546111576977	0.8217971563809113	0.8271415125636253	0.8325546111576978	0.8325546111576977	0.8129552482526803	0.8325546111576978	0.8264377521453705	0.8255217528131507	0.8325546111576978	0.8325546111576978	0.791422025331012	0.8266487022455337	0.8233329050377736	0.8233727503128859	0.8325546111576977	0.8266631984492714	0.8225024779341892	0.8044297676021908	0.8325546111576978	0.8159357343850735	0.8196637908253614	0.8264823489599041	0.8202304792345385	0.8268098169820625	0.8286011956499241	0.8291260347377316	0.8325546111576978	0.8325546111576977	0.8139512064659661	0.8210249721690709	0.8276550196040763	0.8229952921383155	0.8199868559220899	0.8325546111576977	0.8188996893366985	0.8277034782346231	0.8325546111576977	0.8325546111576978	0.8284325122908791	0.8325546111576978	0.8171460270508871	0.8325546111576977	0.8325546111576978	0.8248291368660241	0.8289039006665736	0.8189149961556742	0.8219462714980634	0.8325546111576978	0.8253331413554256	0.8325546111576977
16	0.8158346968699838	0.8325546111576978	0.8325546111576977	1.0	0.8325546111576978	0.8173631976180411	0.8325546111576978	0.8325546111576978	0.8325546111576978	0.8302948716089547	1.0	0.8291712524498971	0.8325546111576978	0.8325546111576977	0.8325546111576977	0.8325546111576978	0.0	0.8264656687781253	0.8325546111576977	0.8262678593631364	0.8163709026335726	0.828987857112233	0.8325546111576978	1.0	0.8325546111576978	0.8251112346041264	0.8325546111576977	0.8325546111576977	0.8325546111576978	0.8325546111576978	0.8325546111576978	0.8325546111576978	0.8253944587794971	0.8236058077572963	0.8325546111576978	0.8275185661694355	0.81430788329458	0.8280943944952163	0.8325546111576978	0.8283913931958541	0.8325546111576977	0.8325546111576978	0.8325546111576978	0.8257067886928837	0.8270303437075703	0.828005289278304	0.819466909135323	0.8325546111576978	0.8325546111576978	0.8325546111576978	0.8294508662095126	0.8325546111576978	0.8253266704826261	0.8273151549062482	0.8325546111576977	0.8239226521366534	0.8281990864788059	0.7992351055459944	0.8325546111576978	0.8325546111576978	0.8192200748512926	0.8244097988131026	0.8026081599889581	0.798720644313349	0.8325546111576978	0.8054018423429421	0.8325546111576978	0.8107503407886909	0.8180881813373169	0.8146095839766908	0.8279918409244352	0.8223988647295213	0.8325546111576978	0.8239887442586364	0.8325546111576978	0.8325546111576978	0.8228760867494188	0.8256720206835602	0.8083814929551921	0.8325546111576977	0.8265683887347453	0.8295043254555124	0.8270057746568943	0.8325546111576978	0.7357996248474346	0.8280038107627251	0.8325546111576978	0.8325546111576978	0.8325546111576978	0.818948000392798	0.828237463980446	0.8325546111576978	0.8325546111576978	0.8325546111576978	0.8325546111576978	0.8325546111576978	0.8325546111576978	0.8325546111576978	0.8221662417613751	0.8271616564096249
17	0.8285952610220708	0.8264857965144712	0.8085752101685421	1.0	0.8325546111576977	0.8325546111576977	0.8236422102330073	0.8325546111576977	0.8047149216135491	0.8309575217524813	1.0	0.8186427840514232	0.8286953658692833	0.8325546111576977	0.7922283179850551	0.8325546111576977	0.8264656687781253	0.0	0.8325546111576977	0.8254741899477515	0.8325546111576978	0.8254012034726966	0.8325546111576977	1.0	0.8064081509000746	0.8237642224652617	0.8325546111576977	0.8297672941221838	0.8275220963973208	0.8170518396209117	0.8325546111576977	0.8165804561941444	0.8235078133374728	0.8325546111576977	0.81881180394385	0.8325546111576977	0.8292960123555833	0.8109476485023315	0.8294325783574668	0.8325546111576977	0.8325546111576977	0.8250544110146902	0.827369390680293	0.8079261999041177	0.8295165116239656	0.8285668555918093	0.8325546111576977	0.8296786174298241	0.8325546111576977	0.8290795170156547	0.8325546111576977	0.8261803113820815	0.8325546111576978	0.8251561754649738	0.8160978545831455	0.8325546111576978	0.826277568405865	0.8272202847920321	0.8325546111576978	0.8325546111576978	0.8283319283929357	0.8325546111576978	0.8325546111576978	0.8172499487355163	0.8325546111576977	0.8325546111576977	0.8253069418863745	0.8325546111576978	0.8325546111576978	0.8325546111576978	0.7382799504906326	0.8205329328227001	0.8107282885192761	0.8245374435312358	0.8233494405663713	0.8274204147798051	0.8325546111576978	0.7902169820264551	0.8184514612726423	0.8121800940771943	0.8325546111576977	0.8288300411503189	0.8325546111576977	0.8325546111576977	0.8251506608315683	0.811150445334402	0.8296474040463732	0.828670653721211	0.8325546111576978	0.8325546111576978	0.8325546111576978	0.8280918385024306	0.8105765202908686	0.8130494000101366	0.8084923402290288	0.8325546111576978	0.8150862073104752	0.8286860071460384	0.8133528023310955	0.8325546111576977
18	0.8325546111576977	0.8325546111576977	0.8325546111576977	1.0	0.8271520652458982	0.8325546111576977	0.8239190824232718	0.8080104922080091	0.8325546111576977	0.8325546111576977	1.0	0.8325546111576977	0.8325546111576977	0.8325546111576977	0.8325546111576977	0.8325546111576977	0.8325546111576977	0.8325546111576977	0.0	0.8325546111576977	0.8232858437074078	0.8279470769715971	0.8074815282881728	1.0	0.8325546111576977	0.8218207948739814	0.8325546111576977	0.8325546111576977	0.8325546111576977	0.8325546111576977	0.8249279177367322	0.8325546111576977	0.8255767250416145	0.8325546111576977	0.8325546111576977	0.827292088472585	0.8325546111576977	0.8325546111576977	0.8268337442423791	0.8325546111576977	0.8325546111576977	0.8263485569494913	0.8325546111576977	0.8325546111576977	0.8277216037207984	0.8325546111576977	0.8325546111576977	0.8275693890181863	0.8203575606920875	0.8211056184185266	0.8325546111576977	0.8325546111576977	0.827180192527714	0.8325546111576977	0.8239576189043871	0.8325546111576977	0.8325546111576977	0.8325546111576977	0.8325546111576977	0.8325546111576977	0.8325546111576977	0.8325546111576977	0.8325546111576977	0.8242570199381725	0.8325546111576977	0.8325546111576977	0.8325546111576977	0.8252636526171927	0.8325546111576977	0.8325546111576977	0.8325546111576977	0.8325546111576977	0.8175227393373953	0.8243218742714877	0.8325546111576977	0.8325546111576977	0.8325546111576977	0.8325546111576977	0.8325546111576977	0.8325546111576977	0.8325546111576977	0.8325546111576977	0.8241018196032049	0.8325546111576977	0.8325546111576977	0.8161828087463724	0.8204156205504392	0.8325546111576977	0.8325546111576977	0.8218238719336843	0.8325546111576977	0.8325546111576977	0.8325546111576977	0.8246789614004844	0.8271187998395021	0.8325546111576977	0.8325546111576977	0.8325546111576977	0.8325546111576977	0.8325546111576977
19	0.8325546111576977	0.8251747127035524	0.8325546111576977	1.0	0.8325546111576977	0.8261948905086771	0.8325546111576977	0.8325546111576977	0.8325546111576978	0.8325546111576977	1.0	0.8285027443357991	0.8325546111576977	0.8325546111576977	0.8325546111576977	0.8252538305037226	0.8262678593631364	0.8254741899477515	0.8325546111576977	0.0	0.8274882934553793	0.8325546111576977	0.8325546111576977	1.0	0.8325546111576977	0.8282197376337924	0.8325546111576977	0.8260619171392087	0.8325546111576978	0.8325546111576977	0.8325546111576977	0.8175195793609732	0.8325546111576977	0.8325546111576977	0.8325546111576978	0.8275053855805629	0.8325546111576977	0.8270851100658428	0.8325546111576977	0.8325546111576977	0.8242833271031198	0.8325546111576977	0.8325546111576977	0.8325546111576977	0.8295288141077198	0.8325546111576977	0.8325546111576977	0.8325546111576977	0.829106277101036	0.8325546111576977	0.8325546111576977	0.8325546111576977	0.8232242098594322	0.8260274829871184	0.8325546111576977	0.8325546111576978	0.8214672313044035	0.8235054217549622	0.8325546111576978	0.8325546111576978	0.8203781559986256	0.8275987934344707	0.8229550375184701	0.8179724822957639	0.8325546111576977	0.8252648106978766	0.8172384223282773	0.8325546111576978	0.8267407174236509	0.82540569621919	0.8245462323520985	0.8325546111576977	0.8254568394759377	0.8233331882030798	0.8258824819423374	0.8239311076421825	0.8325546111576978	0.8257804570902801	0.8325546111576977	0.8325546111576977	0.8249911699706668	0.8299260144325714	0.8220049780836731	0.8325546111576977	0.8325546111576977	0.8325546111576977	0.8325546111576977	0.8124395180100985	0.8325546111576978	0.8325546111576978	0.8325546111576978	0.8325546111576977	0.8325546111576978	0.8325546111576977	0.8173371071623524	0.8195994560093116	0.7947050132409144	0.8325546111576978	0.8325546111576978	0.825816219041096
20	0.8325546111576977	0.8259365853498823	0.8325546111576977	1.0	0.8325546111576978	0.8325546111576978	0.8325546111576978	0.8325546111576978	0.8325546111576978	0.8325546111576978	1.0	0.8247866568241471	0.8325546111576978	0.8325546111576977	0.8325546111576977	0.7844117389987493	0.8163709026335726	0.8325546111576978	0.8232858437074078	0.8274882934553793	0.0	0.8325546111576977	0.8325546111576978	1.0	0.8325546111576978	0.8037474875858569	0.8325546111576977	0.8325546111576977	0.8325546111576978	0.8228133191060736	0.8155989978309581	0.8325546111576978	0.8268090477181385	0.8325546111576977	0.8325546111576978	0.8325546111576978	0.8257585967854837	0.8325546111576978	0.8325546111576978	0.8325546111576978	0.8325546111576977	0.7953927665401374	0.8325546111576978	0.8325546111576978	0.8210981209288551	0.8208421849423317	0.8325546111576977	0.8325546111576978	0.8325546111576978	0.8325546111576978	0.8325546111576978	0.8325546111576978	0.8325546111576978	0.8325546111576978	0.8325546111576977	0.8325546111576978	0.8121546127944309	0.8157133055880756	0.8217025569872912	0.8325546111576978	0.7612626877633887	0.8325546111576978	0.8072592955235336	0.8216094849282364	0.8325546111576978	0.8325546111576978	0.8325546111576978	0.8029895730531382	0.8325546111576978	0.8008366762071971	0.8203085645415944	0.8188879203707642	0.8325546111576978	0.8325546111576978	0.8325546111576978	0.8325546111576978	0.8237317543091488	0.8325546111576978	0.8082856530871195	0.8325546111576977	0.8325546111576978	0.8325546111576978	0.8325546111576978	0.8325546111576978	0.827396386224449	0.8269275607739731	0.8325546111576978	0.8325546111576978	0.8325546111576978	0.8325546111576978	0.8325546111576978	0.8325546111576978	0.8325546111576978	0.8325546111576978	0.8325546111576978	0.8259239801644055	0.8325546111576978	0.8325546111576978	0.8325546111576978	0.8254677988852303
21	0.8325546111576977	0.8325546111576977	0.8248294062953947	1.0	0.8325546111576977	0.8325546111576977	0.8291153452516478	0.8259653950437013	0.814278877504194	0.8325546111576977	1.0	0.8246165728749244	0.8291137464326377	0.8325546111576977	0.8273680067646848	0.8325546111576977	0.828987857112233	0.8254012034726966	0.8279470769715971	0.8325546111576977	0.8325546111576977	0.0	0.8216113044879022	1.0	0.813165341541103	0.8192078226554407	0.8325546111576977	0.8325546111576977	0.8325546111576977	0.8294745400525624	0.8325546111576977	0.829105952410328	0.8217561574596499	0.8294257537383029	0.8325546111576977	0.8273251128122165	0.8242966210469057	0.8213289308721289	0.8283912260711049	0.8325546111576977	0.8325546111576977	0.8289568707032116	0.8295213966440405	0.8243525719178113	0.8119816364017028	0.8284187676374026	0.8253266757579176	0.8325546111576977	0.8287392655980386	0.8284014751485044	0.8325546111576977	0.8103162784306469	0.8325546111576977	0.8194416056009615	0.8325546111576977	0.8325546111576977	0.8277146333159687	0.8325546111576977	0.8325546111576977	0.8325546111576977	0.8220563935915199	0.8212958209376594	0.8325546111576977	0.8252450678059426	0.8325546111576977	0.8177598650228256	0.8325546111576977	0.8035197968436832	0.8270032865502842	0.8010942496762629	0.8130690547822005	0.8230241085468606	0.8325546111576977	0.8226162658431134	0.8171327047232693	0.8212939262855141	0.8058498284518656	0.8204861322122973	0.8325546111576977	0.8134214145716964	0.8325546111576977	0.8325546111576977	0.8178459197926502	0.8292160458995163	0.8243791143367377	0.8130094978923471	0.8325546111576977	0.8148701979007544	0.8288369452182449	0.8325546111576977	0.8325546111576977	0.8325546111576977	0.8038764131190511	0.8272885868658958	0.8236849207596092	0.8231988083045683	0.80775835444478	0.8325546111576977	0.8171110909373368	0.8205986154569413
22	0.8325546111576977	0.8325546111576977	0.8191615870816704	1.0	0.8182276094240718	0.8279210795017836	0.8325546111576977	0.8325546111576977	0.8325546111576978	0.8269934814734372	1.0	0.8265788199844871	0.8325546111576977	0.8269360039821158	0.8325546111576977	0.8325546111576977	0.8325546111576978	0.8325546111576977	0.8074815282881728	0.8325546111576977	0.8325546111576978	0.8216113044879022	0.0	1.0	0.8325546111576977	0.8325546111576978	0.8325546111576977	0.8325546111576977	0.8102419299918107	0.8175479646628596	0.8214298563226434	0.8271409909909652	0.8251436771630767	0.8325546111576977	0.8325546111576978	0.8325546111576977	0.8096559992453366	0.8325546111576977	0.8260542580782969	0.8244015735493876	0.827435204496563	0.8280103090683616	0.8325546111576977	0.8236961923555679	0.8325546111576977	0.8190840789073298	0.8244232460351228	0.8292591632566708	0.8325546111576977	0.8325546111576977	0.8186806627050088	0.8325546111576977	0.8325546111576978	0.8289301046708178	0.8325546111576977	0.8294292096194836	0.8101399746905342	0.8325546111576977	0.8325546111576978	0.8325546111576978	0.8224300749546183	0.8208909772312732	0.8244889907639322	0.8325546111576977	0.8180301522764393	0.8268204266445776	0.8224787390415003	0.8170803711073393	0.8282648276820119	0.8154394097417219	0.8325546111576977	0.7445660144787212	0.8253365855484479	0.82736414855889	0.8274227520496864	0.8325546111576977	0.8160650770200226	0.8325546111576977	0.7716115539238924	0.8325546111576977	0.8032541496196458	0.8126569968778559	0.8241457254624902	0.8325546111576977	0.8073425790116195	0.8255054008187596	0.8325546111576977	0.8206433584093398	0.8325546111576978	0.8325546111576978	0.8040171785806853	0.8180536667310154	0.8266240403370418	0.8254892465234803	0.8325546111576977	0.8236779109348518	0.814027969850172	0.8325546111576978	0.8061862531398418	0.8210519522125314
