	0	1	2	3	4	5	6	7	8	9	10	11	12	13	14	15	16	17	18	19	20	21	22	23	24	25	26	27	28	29	30	31	32	33	34	35	36	37	38	39	40	41	42	43	44	45	46	47	48	49	50	51	52	53	54	55	56	57	58	59	60	61	62	63	64	65	66	67	68	69	70	71	72	73	74	75	76	77	78	79	80	81	82	83	84	85	86	87	88	89	90	91	92	93	94	95	96	97	98	99
0	0.0	0.8325546111576977	0.8273179443097086	1.0	0.8253290494148647	0.8325546111576977	0.8269005227155464	0.8231990945653117	0.8325546111576977	1.0	0.8325546111576977	0.8287213032413645	0.8325546111576978	0.8306577901919444	0.8089649305932897	0.8295705321841012	0.8215485475745313	0.8325546111576977	0.8278324296901203	0.7810537065762014	1.0	0.8325546111576977	0.827544514999572	0.8325546111576977	0.8261627839161645	0.818523680921972	0.8202005700674916	0.8269728184285758	0.818783363207752	0.8165935531877199	0.8325546111576977	0.8325546111576977	0.8157337833639392	0.8201932302554386	0.8265158397139505	0.8295199389293497	0.8239234390959721	0.8325546111576977	0.8325546111576977	0.8325546111576977	0.8207424235617622	0.8263334276843921	0.8232604124707075	0.8276195586653232	0.8316043228723803	0.8207687858752524	0.8221863758455541	0.8186736466293715	0.8325546111576978	0.8325546111576977	0.8208589439737562	0.7579690025538567	0.8325546111576978	1.0	0.8205881911355656	0.828018481625107	0.8271133235610217	0.8271181539128944	0.8291206173616723	0.8199796067106891	0.8288924049883647	0.8325546111576977	0.8325546111576977	0.8278793546884428	0.8110187143988017	0.8169446584106949	0.7692904598221985	0.8149269118323336	0.7753920393489481	0.8325546111576978	0.8176744006622783	0.8325546111576978	0.817599848204768	0.81049418296387	0.781926165508963	0.8148008208285947	0.8325546111576978	0.8325546111576977	0.8325546111576977	0.820806292694028	0.8086386683263546	0.8325546111576977	0.8214314811671464	0.8325546111576978	0.8220627659607873	0.8325546111576977	0.8259920308291073	0.7790159797568044	0.7637216596174065	0.8043496666916167	0.8089072312476973	0.799174574242335	0.8082408318568477	0.8161749034313639	0.8114842181716425	0.8171502755413805	0.8148151929318095	0.8067513004254392	0.8071910652544094	0.8122978996470007
1	0.8325546111576977	0.0	0.8325546111576977	1.0	0.8325546111576977	0.8325546111576977	0.8282351596333156	0.8325546111576977	0.8279876828443545	1.0	0.8325546111576977	0.8325546111576977	0.8242116534802612	0.8325546111576977	0.8325546111576977	0.8284020665145552	0.8325546111576977	0.827974055307371	0.8286420886214272	0.8325546111576977	1.0	0.8325546111576977	0.8265895761929742	0.8325546111576977	0.8129576845026251	0.8179149074409195	0.8255757368179175	0.8151295468895526	0.8266693767636235	0.8325546111576977	0.8282351596333156	0.8292308940104192	0.8180172393922623	0.8325546111576977	0.8255757721278861	0.8293307375237339	0.8236983714180197	0.8325546111576977	0.8325546111576977	0.830306765333517	0.8325546111576977	0.8212082871462025	0.8325546111576977	0.8325546111576977	0.8325546111576977	0.8325546111576977	0.8325546111576977	0.8325546111576977	0.8325546111576977	0.8294814066546151	0.8325546111576977	0.8269042870681593	0.8239453502837519	1.0	0.8325546111576977	0.828985479035742	0.8233870877277075	0.8325546111576977	0.8280179404917962	0.8281220026825806	0.8240306294175463	0.8224825329522123	0.8325546111576977	0.8325546111576977	0.8325546111576977	0.8325546111576977	0.8286787955593841	0.8325546111576977	0.829153471725967	0.8325546111576977	0.8232773231993137	0.8125653004854312	0.8283005384404665	0.8287158858977299	0.8325546111576977	0.8237509868052897	0.8019014642738254	0.8228403110174997	0.8234078232003619	0.8286751362156265	0.8325546111576977	0.8282663174832523	0.823066785344827	0.8325546111576977	0.7983997919607785	0.8252574398154552	0.8284821327086044	0.8276152663198584	0.8325546111576977	0.8250235937930602	0.8325546111576977	0.8237289384157489	0.8233612802830489	0.8325546111576977	0.8225426538761885	0.8223201368585183	0.8325546111576977	0.8325546111576977	0.8272775199311133	0.828776081742574
2	0.8273179443097086	0.8325546111576977	0.0	1.0	0.8298881857133714	0.809686116504445	0.8228802909156293	0.8325546111576977	0.8325546111576977	1.0	0.8325546111576977	0.8063632647231358	0.8046356011500652	0.8286731513917361	0.8143599908719001	0.8221579998452998	0.827081197476435	0.7445802016351882	0.8231516900897098	0.8325546111576977	1.0	0.8325546111576977	0.8276120047607078	0.8275447444176081	0.823254906637564	0.7763905631020195	0.8243162291211447	0.8325546111576977	0.7953745091977931	0.8162676282406778	0.8240512342523181	0.8325546111576977	0.8325546111576977	0.8225813287317523	0.8240279128423789	0.8277582587697228	0.8100722623186593	0.8165589350207768	0.8021383937029367	0.8294429685105089	0.8325546111576977	0.8107371298817654	0.8325546111576977	0.8214162521874883	0.8311879340866123	0.8112570517232573	0.7754125726323112	0.8325546111576977	0.8234589569759027	0.8235355911794443	0.8325546111576977	0.8144895484841184	0.8325546111576977	1.0	0.8325546111576977	0.8325546111576977	0.7804408427896983	0.8325546111576977	0.8245300526815703	0.7893539417689132	0.8325546111576977	0.8277139176650525	0.8325546111576977	0.8113438198160834	0.8240847674792378	0.8205084930144881	0.8325546111576977	0.8265104872850346	0.8325546111576977	0.8247155166345184	0.7815452171584375	0.8325546111576977	0.7975504340245729	0.8325546111576977	0.8325546111576977	0.8325546111576977	0.7965985929519819	0.820282633100431	0.8325546111576977	0.8208474936701836	0.8238292226813801	0.820959859270202	0.7979693425417669	0.8264661444418914	0.8040301438070956	0.8129820823293068	0.8325546111576977	0.8325546111576977	0.8241187576276996	0.8270222960129456	0.8280238771206804	0.8219640755292905	0.8189772668053911	0.8217588227914219	0.8183679932198289	0.822203396248356	0.8273665852667048	0.8325546111576977	0.7264496344807833	0.8269642514834673
3	1.0	1.0	1.0	0.0	1.0	1.0	1.0	1.0	1.0	1.0	1.0	1.0	1.0	1.0	1.0	1.0	1.0	1.0	1.0	1.0	1.0	1.0	1.0	1.0	1.0	1.0	1.0	1.0	1.0	1.0	1.0	1.0	1.0	1.0	1.0	1.0	1.0	1.0	1.0	1.0	1.0	1.0	1.0	1.0	1.0	1.0	1.0	1.0	1.0	1.0	1.0	1.0	1.0	1.0	1.0	1.0	1.0	1.0	1.0	1.0	1.0	1.0	1.0	1.0	1.0	1.0	1.0	1.0	1.0	1.0	1.0	1.0	1.0	1.0	1.0	1.0	1.0	1.0	1.0	1.0	1.0	1.0	1.0	1.0	1.0	1.0	1.0	1.0	1.0	1.0	1.0	1.0	1.0	1.0	1.0	1.0	1.0	1.0	1.0	1.0
4	0.8253290494148647	0.8325546111576977	0.8298881857133714	1.0	0.0	0.8256209506183566	0.8244452626622729	0.8265062369512473	0.8300699306156382	1.0	0.8325546111576977	0.8263282916651622	0.8230292173910256	0.8296164158629608	0.8190807409088706	0.8251569889800863	0.8325546111576977	0.8325546111576977	0.8185867080922574	0.8325546111576977	1.0	0.8325546111576977	0.8325546111576977	0.8325546111576977	0.8251012438287295	0.8294976804527734	0.8200705346524361	0.8278044924052061	0.8325546111576977	0.8277383423653651	0.8297266971430268	0.8092283156403957	0.8301560022338682	0.8176359394791556	0.8325546111576977	0.8325546111576977	0.8306127226116645	0.8299574696985423	0.8270616064859154	0.8210370584165214	0.8325546111576978	0.8325546111576977	0.8268947492020557	0.8325546111576977	0.8318069837822373	0.8325546111576977	0.8208036826972525	0.8294920641036753	0.8293083924512527	0.8206501655766846	0.8325546111576977	0.8279239694822265	0.8235535713068419	1.0	0.8251947374241865	0.8273832721019095	0.7956809941385864	0.8325546111576977	0.8325546111576977	0.8241382174283031	0.8179388957050131	0.8302449829845612	0.8325546111576977	0.8279756713608634	0.8298204883920561	0.8325546111576977	0.8294490104073485	0.8270118256087357	0.8212465586407958	0.8296142487977118	0.8191367847213483	0.8259173409143437	0.827835219752732	0.8291791928726858	0.8325546111576977	0.8325546111576977	0.8325546111576978	0.8325546111576977	0.823687172670654	0.8325546111576977	0.8261410488755416	0.8293895881276037	0.8230864018122841	0.8303489294085856	0.8275391636283941	0.8150552691411477	0.8262344364284782	0.8325546111576978	0.8282319721777954	0.8272413695083967	0.8304049034117501	0.8296917531927938	0.8175983479477256	0.8301744210404697	0.8268213989371165	0.8237818031624677	0.8240657143151165	0.8272972819237185	0.8270807160063414	0.8325546111576977
5	0.8325546111576977	0.8325546111576977	0.809686116504445	1.0	0.8256209506183566	0.0	0.8220664650855074	0.8150007208515493	0.8325546111576977	1.0	0.8325546111576977	0.8267722078431574	0.8287694212409559	0.8300027049622877	0.818860837508556	0.8325546111576977	0.8325546111576977	0.8325546111576977	0.8325546111576977	0.8325546111576977	1.0	0.8228224890775065	0.8325546111576977	0.810970284431568	0.8161290093278255	0.8264748926248919	0.8288668679849339	0.8295241000842424	0.8260403166333552	0.8325546111576977	0.8266471103672561	0.8284365936484737	0.8163420549418173	0.8325546111576977	0.8261077708004727	0.8325546111576977	0.7896274860485767	0.8325546111576977	0.8325546111576977	0.8293064227059703	0.8325546111576978	0.8269223509355681	0.8325546111576977	0.8325546111576977	0.8325546111576977	0.8258996955523746	0.81111165234046	0.8325546111576977	0.8325546111576978	0.8290703520330203	0.8158961180142952	0.8271000619298248	0.8325546111576978	1.0	0.8325546111576977	0.8290196068663898	0.8216148992702563	0.8267180305563769	0.8229687471624462	0.8278406944960358	0.8235968884019984	0.8204153634674411	0.8263676879211957	0.8286041836659735	0.8289784083034362	0.8325546111576977	0.8325546111576977	0.8267615514481115	0.826235910593257	0.8268438891443113	0.819528159209825	0.8259442677214921	0.8325546111576977	0.8325546111576977	0.8182302903989297	0.8172772718953043	0.8086124263891026	0.8325546111576977	0.823352656556227	0.8274735985675902	0.8325546111576977	0.8325546111576977	0.8108674066244039	0.817499376816041	0.8325546111576977	0.8077410915039023	0.8166047723964578	0.8325546111576978	0.8285535505299838	0.8137865160697653	0.8325546111576978	0.8325546111576977	0.7969384858730141	0.8257009032965038	0.8259960655459684	0.8250360221424358	0.821318816637003	0.8205498351224947	0.7935363179679698	0.8325546111576977
6	0.8269005227155464	0.8282351596333156	0.8228802909156293	1.0	0.8244452626622729	0.8220664650855074	0.0	0.8325546111576978	0.8284400039080613	1.0	0.8325546111576977	0.8233319038158274	0.8325546111576978	0.8183355096397341	0.7922416074599901	0.8241421365380824	0.8218669926004157	0.8255204126340828	0.782795016424146	0.828893998446721	1.0	0.8325546111576978	0.8279803145343013	0.8325546111576978	0.792343447264579	0.7815120726256203	0.8100787230403789	0.8202690653519499	0.7974347619469786	0.827343755424377	0.7688702994860795	0.8223750537259379	0.8272478732470346	0.8112853426360709	0.8261843714717543	0.8182583752770254	0.8061188560916845	0.8325546111576978	0.8287088462119967	0.8325546111576977	0.8325546111576978	0.8052980400961411	0.8153169088639917	0.8136908365675055	0.8325546111576978	0.8252444183548602	0.7740740946000781	0.8325546111576978	0.8286806951880863	0.8325546111576977	0.8270084969867202	0.8325546111576978	0.8282959368104993	1.0	0.821806321170284	0.8325546111576978	0.7873247888784213	0.8182046481296875	0.8325546111576978	0.8196736409556546	0.8270602959971419	0.8030951075780725	0.8325546111576978	0.8281010736276341	0.8272005304045236	0.8275037630832602	0.8325546111576978	0.8119668947545838	0.8325546111576978	0.8037394466358873	0.770126765623311	0.8101500687153771	0.8154704264277111	0.8264403006234862	0.8244179646220728	0.8325546111576978	0.8203746223575864	0.8220477186197932	0.817317544056279	0.8196191413619118	0.8325546111576978	0.8146080834509838	0.800095137793956	0.8274150247615004	0.8325546111576978	0.8140640584912144	0.8325546111576978	0.8249781825595135	0.8279118208229925	0.8279134772808344	0.8325546111576978	0.8122476329565299	0.826449329052582	0.818030784422556	0.8194825589532538	0.8220477784905239	0.8254463816364173	0.8086215497143875	0.7977147972545049	0.8325546111576977
7	0.8231990945653117	0.8325546111576977	0.8325546111576977	1.0	0.8265062369512473	0.8150007208515493	0.8325546111576978	0.0	0.8325546111576977	1.0	0.8325546111576977	0.8325546111576977	0.8075793994303104	0.8325546111576977	0.8325546111576977	0.8143609031655266	0.8325546111576977	0.8068124276781954	0.8171357934456683	0.8325546111576977	1.0	0.8325546111576977	0.8263285297881742	0.7810063450615065	0.8325546111576977	0.8198122374947119	0.8244461731775389	0.8220765188777346	0.8325546111576977	0.8325546111576977	0.8325546111576977	0.8325546111576977	0.8325546111576977	0.8259165343128138	0.8299755228481203	0.8222735453131774	0.8146509008768082	0.8325546111576977	0.8325546111576977	0.8236469311612639	0.8325546111576978	0.8325546111576977	0.8325546111576977	0.8325546111576977	0.8313662599635679	0.8325546111576977	0.8217002151275512	0.8325546111576977	0.8325546111576978	0.8236177996115649	0.7911758855606391	0.8325546111576977	0.8325546111576978	1.0	0.8325546111576977	0.8325546111576977	0.8271730432708799	0.8325546111576977	0.8197960316411133	0.8209264797052992	0.815678122787376	0.8325546111576977	0.8271817664218475	0.8248564359036521	0.8325546111576977	0.8325546111576977	0.8325546111576977	0.8105053209643888	0.8076731341631106	0.8239588518176881	0.8325546111576977	0.8325546111576978	0.8325546111576977	0.7976527896007979	0.8325546111576977	0.8325546111576977	0.8325546111576978	0.8325546111576977	0.8325546111576977	0.8325546111576977	0.8279814006949782	0.8325546111576977	0.8269667073004958	0.8261461073075197	0.8325546111576977	0.8169610009308715	0.8296986247469517	0.8289648131171623	0.8325546111576977	0.8325546111576977	0.8257816718532551	0.8325546111576977	0.8287844518584551	0.8325546111576977	0.8325546111576978	0.8325546111576977	0.8325546111576977	0.8283769498645346	0.8274434836747567	0.8325546111576977
8	0.8325546111576977	0.8279876828443545	0.8325546111576977	1.0	0.8300699306156382	0.8325546111576977	0.8284400039080613	0.8325546111576977	0.0	1.0	0.8284431443688194	0.8302637020971619	0.8325546111576978	0.8296541021160044	0.8325546111576977	0.8325546111576977	0.8325546111576977	0.8325546111576977	0.8325546111576977	0.8325546111576977	1.0	0.8325546111576977	0.8292992454066855	0.8226322746071594	0.8325546111576977	0.8325546111576977	0.8325546111576978	0.8302637020971619	0.8325546111576977	0.8325546111576977	0.8325546111576977	0.8274926666614879	0.8325546111576977	0.8325546111576977	0.8302690094500006	0.8325546111576977	0.8287862911541075	0.8325546111576977	0.8325546111576977	0.8254883872000633	0.8325546111576978	0.8325546111576977	0.8325546111576977	0.8325546111576977	0.8325546111576977	0.8325546111576977	0.8325546111576977	0.8325546111576977	0.830612215913443	0.8257972024671618	0.8325546111576977	0.8280563073633647	0.8325546111576978	1.0	0.824765784591063	0.8325546111576977	0.8325546111576977	0.8325546111576977	0.8325546111576977	0.8275915314921851	0.8325546111576978	0.8325546111576977	0.8325546111576977	0.8325546111576977	0.8203825196098902	0.8275150298202585	0.8325546111576977	0.8263935980519546	0.8325546111576977	0.8166637008800731	0.8325546111576977	0.8325546111576978	0.8325546111576977	0.8242834824824542	0.8325546111576977	0.8325546111576977	0.8325546111576978	0.8288754100929986	0.8325546111576977	0.8176555780165641	0.8286824534676099	0.8325546111576977	0.8325546111576977	0.8291435925089378	0.8283263891447107	0.8325546111576977	0.8325546111576978	0.8325546111576978	0.8325546111576977	0.8325546111576977	0.795968060779847	0.8325546111576977	0.8202835466569026	0.8325546111576977	0.8325546111576978	0.8325546111576977	0.8325546111576977	0.8325546111576977	0.8325546111576977	0.8325546111576977
9	1.0	1.0	1.0	1.0	1.0	1.0	1.0	1.0	1.0	0.0	1.0	1.0	1.0	1.0	1.0	1.0	1.0	1.0	1.0	1.0	1.0	1.0	1.0	1.0	1.0	1.0	1.0	1.0	1.0	1.0	1.0	1.0	1.0	1.0	1.0	1.0	1.0	1.0	1.0	1.0	1.0	1.0	1.0	1.0	1.0	1.0	1.0	1.0	1.0	1.0	1.0	1.0	1.0	1.0	1.0	1.0	1.0	1.0	1.0	1.0	1.0	1.0	1.0	1.0	1.0	1.0	1.0	1.0	1.0	1.0	1.0	1.0	1.0	1.0	1.0	1.0	1.0	1.0	1.0	1.0	1.0	1.0	1.0	1.0	1.0	1.0	1.0	1.0	1.0	1.0	1.0	1.0	1.0	1.0	1.0	1.0	1.0	1.0	1.0	1.0
10	0.8325546111576977	0.8325546111576977	0.8325546111576977	1.0	0.8325546111576977	0.8325546111576977	0.8325546111576977	0.8325546111576977	0.8284431443688194	1.0	0.0	0.8297513722201312	0.8325546111576977	0.8325546111576977	0.8325546111576977	0.8325546111576977	0.8325546111576977	0.8325546111576977	0.8211179339093818	0.8237094155696524	1.0	0.8325546111576977	0.8250898958154447	0.8325546111576977	0.8119739083289113	0.824983632428719	0.8289111370886465	0.8325546111576977	0.8325546111576977	0.8276541381916079	0.8175844022373655	0.8217887666797737	0.8180335333214119	0.8277016946525573	0.8297584410569323	0.8325546111576977	0.8325546111576977	0.8174950396409909	0.828291224027955	0.8298531764006818	0.8325546111576977	0.8249864041905508	0.82519191329575	0.8325546111576977	0.8325546111576977	0.8267626349962096	0.8325546111576977	0.8325546111576977	0.8325546111576977	0.8325546111576977	0.8325546111576977	0.8325546111576977	0.8325546111576977	1.0	0.8325546111576977	0.8325546111576977	0.7989100639257307	0.8325546111576977	0.8222398546308742	0.8220115082929795	0.828152966645523	0.8279313974308876	0.8240603891232787	0.8271276621267991	0.8325546111576977	0.8278427586566338	0.8325546111576977	0.8270730053566773	0.8325546111576977	0.8325546111576977	0.827194509886185	0.809426043508767	0.8325546111576977	0.8325546111576977	0.8325546111576977	0.8325546111576977	0.8325546111576977	0.827827242494345	0.8005262014254504	0.8325546111576977	0.8325546111576977	0.8325546111576977	0.8325546111576977	0.8325546111576977	0.8325546111576977	0.8325546111576977	0.8236453242710675	0.8325546111576977	0.8325546111576977	0.8150365285847189	0.8211720299516635	0.8325546111576977	0.8325546111576977	0.8282822852014872	0.8264969763271517	0.8226240515645804	0.8325546111576977	0.8115505307259494	0.8325546111576977	0.8197749628194663
11	0.8287213032413645	0.8325546111576977	0.8063632647231358	1.0	0.8263282916651622	0.8267722078431574	0.8233319038158274	0.8325546111576977	0.8302637020971619	1.0	0.8297513722201312	0.0	0.8284567282163856	0.8203324346677285	0.8198225864656822	0.828713619900979	0.8196409340495492	0.8222960223474548	0.8260976867417996	0.8325546111576977	1.0	0.8325546111576977	0.8325546111576977	0.8281248210951456	0.810554018508547	0.8076087678582908	0.8246695739308721	0.829804404733965	0.8113081236459985	0.829595460820613	0.8325546111576977	0.8325546111576977	0.8256362856220923	0.8325546111576977	0.8298112858999644	0.8265409858505846	0.8325546111576977	0.8272663639892484	0.8106781634259285	0.8239572665661553	0.8325546111576978	0.8289673438729023	0.8325546111576977	0.8176449019180072	0.8325546111576977	0.8224754368605877	0.8052469860926139	0.8291969646116469	0.8310897844673837	0.8216210583447069	0.8276008022087386	0.8221307979047587	0.8325546111576978	1.0	0.8215937599676719	0.8301084808514338	0.787857849580473	0.824399333301688	0.8204603203004096	0.8208942086526709	0.8255966688797604	0.8035699728998319	0.829968716556778	0.8325546111576977	0.8126669130403639	0.8300108077861682	0.8232249429939353	0.8076668552259793	0.8285299054164919	0.808734451970379	0.8015463796031242	0.8277441228649772	0.821848094148585	0.8325546111576977	0.8325546111576977	0.8325546111576977	0.8130547998369745	0.82850727317343	0.8194379905618053	0.8211998192670464	0.821638356310363	0.8293771704242616	0.8325546111576977	0.8301641439698054	0.8110342302820853	0.8171577586831871	0.8203110966966908	0.8205094975034777	0.8258519244700752	0.8115224000657802	0.8268119371794229	0.8266783671776202	0.826740160979661	0.8226690554527751	0.8299117925133062	0.8009468910852303	0.8325546111576977	0.8212998265513576	0.8042499345586523	0.8272961299914304
12	0.8325546111576978	0.8242116534802612	0.8046356011500652	1.0	0.8230292173910256	0.8287694212409559	0.8325546111576978	0.8075793994303104	0.8325546111576978	1.0	0.8325546111576977	0.8284567282163856	0.0	0.8325546111576978	0.8260956815288052	0.6967056618335122	0.82181199449703	0.8064320477944912	0.731496276667996	0.8325546111576977	1.0	0.8325546111576978	0.8238840625712844	0.8175922118705274	0.8206305991084282	0.8045822479722137	0.8325546111576978	0.8325546111576978	0.8124946985862522	0.8325546111576978	0.8025583645411748	0.8277643006847275	0.8325546111576978	0.8261809829780098	0.8325546111576978	0.8325546111576978	0.8325546111576977	0.8325546111576978	0.8271440107922371	0.8261281682120001	0.8325546111576978	0.8107131532452556	0.8272727491728057	0.8280448944266531	0.8325546111576978	0.8325546111576977	0.8256336840623647	0.8325546111576978	0.8299846285065386	0.827715615749012	0.8275227610077108	0.8325546111576978	0.8205355764944098	1.0	0.8325546111576978	0.824823700298684	0.828803516172121	0.8280578984501189	0.8325546111576978	0.8325546111576977	0.8325546111576978	0.8325546111576978	0.8325546111576978	0.8325546111576978	0.8284337015330873	0.8281486716551908	0.8222735633261113	0.8255711178882079	0.8325546111576978	0.8325546111576978	0.8325546111576978	0.8325546111576978	0.8077945395649714	0.8325546111576978	0.8325546111576978	0.8249175207554371	0.8284639567965669	0.8325546111576978	0.8325546111576978	0.8325546111576978	0.8325546111576978	0.8325546111576978	0.8120557900295018	0.8288658571778937	0.8325546111576978	0.7831752227941537	0.8274473153945225	0.8325546111576978	0.8325546111576978	0.8230560653492799	0.8325546111576978	0.8013138699706446	0.8325546111576978	0.8325546111576978	0.8325546111576978	0.8058982356262838	0.8325546111576978	0.8325546111576977	0.8086955663712775	0.8325546111576977
13	0.8306577901919444	0.8325546111576977	0.8286731513917361	1.0	0.8296164158629608	0.8300027049622877	0.8183355096397341	0.8325546111576977	0.8296541021160044	1.0	0.8325546111576977	0.8203324346677285	0.8325546111576978	0.0	0.8265166597328621	0.8325546111576977	0.8246097177745919	0.8203706068638872	0.8325546111576977	0.8325546111576977	1.0	0.8325546111576977	0.8268403783895842	0.8325546111576977	0.8325546111576977	0.8325546111576977	0.8325546111576978	0.831075277099935	0.8325546111576977	0.8283634301591704	0.8257662355714236	0.8325546111576977	0.8268678194518441	0.827538350671238	0.8285585533735432	0.8281340929734946	0.8283992482929473	0.8325546111576977	0.8288751268383996	0.8325546111576977	0.8325546111576978	0.830150479775802	0.8325546111576977	0.8240272706294022	0.8307322084528835	0.8325546111576977	0.8225909516253801	0.8325546111576977	0.8325546111576978	0.8325546111576977	0.8325546111576977	0.82938864951952	0.8269150927312443	1.0	0.8325546111576977	0.8304661327190918	0.8227402503821415	0.829037370004417	0.8325546111576977	0.8185832241935136	0.8325546111576978	0.8293945395214064	0.8292363759595324	0.8325546111576977	0.8325546111576977	0.8325546111576977	0.8325546111576977	0.8325546111576977	0.8325546111576977	0.8325546111576978	0.8272352332637445	0.828152364772886	0.8277468196764006	0.8325546111576977	0.8300424392785146	0.8325546111576977	0.8325546111576978	0.8325546111576977	0.8210656309082722	0.8325546111576977	0.8325546111576977	0.8325546111576977	0.8325546111576977	0.8325546111576978	0.8229618188938369	0.8325546111576977	0.8259139022632975	0.8305054526776804	0.8325546111576977	0.8272200929067733	0.8279859475489766	0.8246756430455734	0.8325546111576977	0.8325546111576977	0.8325546111576978	0.8236496892077506	0.8325546111576977	0.8325546111576977	0.8293301586122154	0.8292074088905432
14	0.8089649305932897	0.8325546111576977	0.8143599908719001	1.0	0.8190807409088706	0.818860837508556	0.7922416074599901	0.8325546111576977	0.8325546111576977	1.0	0.8325546111576977	0.8198225864656822	0.8260956815288052	0.8265166597328621	0.0	0.8246757194780436	0.8189506330265639	0.8325546111576977	0.8325546111576977	0.8325546111576977	1.0	0.8325546111576977	0.8080385546039813	0.8325546111576977	0.8215163887537562	0.7863604062172003	0.8143497835993824	0.829992159679038	0.7644242167150735	0.8236729206417182	0.8205666154235548	0.8253649867003032	0.8325546111576977	0.8195549029521757	0.8325546111576977	0.8253870477949001	0.8211864100603272	0.825947756681214	0.8325546111576977	0.8325546111576977	0.8325546111576978	0.8187388731362448	0.8257157655494782	0.8031402619988678	0.8325546111576977	0.8325546111576977	0.7883540021538933	0.8325546111576977	0.8325546111576978	0.8176654477219529	0.8325546111576977	0.8255227244888496	0.8325546111576978	1.0	0.8286226193278997	0.826628413706666	0.8028130277096853	0.8285058534247405	0.8325546111576977	0.818999500025021	0.8325546111576978	0.8247841171719297	0.8325546111576977	0.828184062015068	0.7936043956813594	0.8231703271855555	0.8273921458724808	0.8114384084032137	0.8122499146241696	0.815039055018841	0.8113725454608387	0.8255836176014004	0.8247851003041613	0.8325546111576977	0.8325546111576977	0.8269959268026146	0.8271895208043508	0.828442749750617	0.8216443341985772	0.8199217169683676	0.8325546111576977	0.8159807909984498	0.8235408141357211	0.8276797830132413	0.8266889440948619	0.7862027206270595	0.8247903432814224	0.8218779230674634	0.8257403296753792	0.819009893288148	0.8325546111576978	0.812794674710741	0.8325546111576977	0.8236845985168869	0.8248631755655915	0.8201707389371645	0.8259422488320873	0.8177834734326221	0.7854909578445227	0.8200016306448835
15	0.8295705321841012	0.8284020665145552	0.8221579998452998	1.0	0.8251569889800863	0.8325546111576977	0.8241421365380824	0.8143609031655266	0.8325546111576977	1.0	0.8325546111576977	0.828713619900979	0.6967056618335122	0.8325546111576977	0.8246757194780436	0.0	0.8215852151584953	0.8287388282881757	0.7277944392750366	0.8325546111576977	1.0	0.8325546111576977	0.8255563347642403	0.8086481946239696	0.8271493691121109	0.783415134929686	0.825009706505275	0.8325546111576978	0.8175094201619109	0.8325546111576977	0.798988110282357	0.8291360267447567	0.8325546111576977	0.8325546111576977	0.8325546111576977	0.8325546111576977	0.8271766569953158	0.8216315155599339	0.8325546111576977	0.8325546111576977	0.8325546111576978	0.8151511723191566	0.8280938304446525	0.8273411276610443	0.8311400004322349	0.8325546111576977	0.8247772446756294	0.8325546111576977	0.8302895086741438	0.8287935114679779	0.8261756448711032	0.8325546111576977	0.8189100377873147	1.0	0.8258023302074602	0.8325546111576977	0.8325546111576977	0.8325546111576977	0.8210464925381956	0.8116148733590425	0.8172335536350307	0.8292055305873062	0.8325546111576977	0.8325546111576977	0.8325546111576977	0.8282270941871832	0.8277009324801057	0.8267813299324697	0.8325546111576977	0.8325546111576978	0.8243626811548335	0.8325546111576978	0.8271738112099932	0.8325546111576977	0.8325546111576977	0.8247938239121689	0.8325546111576978	0.8325546111576977	0.8270347030892139	0.8268809052198342	0.8325546111576977	0.8261747950532207	0.8232059718413414	0.8157540334083044	0.8325546111576977	0.810987118094914	0.8325546111576978	0.8263647035771435	0.8325546111576977	0.8279768749278191	0.8325546111576978	0.8254622765850187	0.8325546111576977	0.8325546111576977	0.8226549383832149	0.8208119171821433	0.8325546111576977	0.8267364885165375	0.8161823453761077	0.8277282265414615
16	0.8215485475745313	0.8325546111576977	0.827081197476435	1.0	0.8325546111576977	0.8325546111576977	0.8218669926004157	0.8325546111576977	0.8325546111576977	1.0	0.8325546111576977	0.8196409340495492	0.82181199449703	0.8246097177745919	0.8189506330265639	0.8215852151584953	0.0	0.8230619787508329	0.8274118168161149	0.8325546111576977	1.0	0.8325546111576977	0.8325546111576977	0.8325546111576977	0.8080713037474673	0.7924956312231146	0.8237109664771992	0.8325546111576978	0.8040232616903868	0.8273791626570214	0.8325546111576977	0.8248152075868894	0.8278486941247553	0.8277296992287193	0.8325546111576977	0.8142189805554695	0.8285187374598458	0.8325546111576977	0.8287218114444641	0.8325546111576977	0.8325546111576978	0.8267089498696805	0.826005055014589	0.8270872187409957	0.7942961521131339	0.805980582819454	0.8131185861409556	0.8325546111576977	0.8303173081165779	0.8282380924882838	0.805082736207763	0.8325546111576977	0.8279651366347895	1.0	0.8192824088142858	0.8204332005882095	0.8017408743778193	0.8221638230096182	0.8266589857848291	0.8090083623837578	0.8325546111576978	0.8050583260875386	0.8142164445620979	0.8124313536649023	0.8200654214026927	0.783930804413092	0.8325546111576977	0.8065980441759081	0.8325546111576977	0.8078785920994079	0.8073716465594992	0.8196179952222686	0.8225612761701274	0.8268237674470047	0.8267440106758243	0.8142111824757884	0.8211175347450929	0.8325546111576977	0.800824726066342	0.8262936874911997	0.8325546111576977	0.8188310475964542	0.827787755716577	0.8260660750526512	0.8135375238414239	0.8265538855607014	0.8291015218112412	0.8101008582024307	0.82842816330484	0.81977168701767	0.8325546111576978	0.8278390110426669	0.8141259713621191	0.8280331832126714	0.8273878245922086	0.81077256064081	0.8233522947642823	0.8263361299374934	0.81861617083259	0.8325546111576977
17	0.8325546111576977	0.827974055307371	0.7445802016351882	1.0	0.8325546111576977	0.8325546111576977	0.8255204126340828	0.8068124276781954	0.8325546111576977	1.0	0.8325546111576977	0.8222960223474548	0.8064320477944912	0.8203706068638872	0.8325546111576977	0.8287388282881757	0.8230619787508329	0.0	0.8194499937531161	0.8254244559981504	1.0	0.8325546111576977	0.8278480776322591	0.8325546111576977	0.8155173144078589	0.8018877288924325	0.8325546111576977	0.8325546111576977	0.8247363023638627	0.8275320220430048	0.8245951475401655	0.82551229724662	0.8281542801073322	0.8325546111576977	0.8175860424324006	0.8279966023665958	0.8270653755548152	0.8325546111576977	0.8072821210274524	0.8325546111576977	0.8325546111576977	0.8325546111576977	0.8205774375309627	0.809906348689168	0.8313829756705382	0.8280576082218309	0.8051657778022587	0.8325546111576977	0.8325546111576977	0.8197881110038777	0.8250130719413231	0.8325546111576977	0.8325546111576977	1.0	0.8325546111576977	0.8287508959048533	0.7910995177415182	0.8325546111576977	0.828381443206851	0.8086935685109671	0.8325546111576977	0.8287565662129788	0.8325546111576977	0.8189361967556612	0.8325546111576977	0.8275698134004935	0.8325546111576977	0.8325546111576977	0.8283236788961236	0.8274505208318998	0.7227506899653708	0.8266846494167901	0.7979461003710672	0.8262391192366	0.826176153407961	0.828138626005513	0.8059819256058991	0.8184338168245947	0.8172665137695687	0.8198868326752504	0.827230732584996	0.8212440982681997	0.80864837221683	0.8325546111576977	0.8044580034240382	0.8325546111576977	0.8283732540078573	0.8185932246734325	0.8325546111576977	0.8325546111576977	0.8231945562461632	0.8227069524675036	0.8208554426239768	0.8153915826614271	0.8121630716178762	0.8186431613749829	0.8255496647939796	0.8325546111576977	0.8325546111576977	0.8325546111576977
18	0.8278324296901203	0.8286420886214272	0.8231516900897098	1.0	0.8185867080922574	0.8325546111576977	0.782795016424146	0.8171357934456683	0.8325546111576977	1.0	0.8211179339093818	0.8260976867417996	0.731496276667996	0.8325546111576977	0.8325546111576977	0.7277944392750366	0.8274118168161149	0.8194499937531161	0.0	0.8275745960587132	1.0	0.8325546111576977	0.8325546111576977	0.8325546111576977	0.8208868309331865	0.7897152417236475	0.8325546111576978	0.824927717068595	0.8254062094661951	0.822789535274595	0.7084737557929247	0.8325546111576977	0.827416699139394	0.8282485631710114	0.8295008051292798	0.8325546111576977	0.8268972146468156	0.8259037177050299	0.8325546111576977	0.8325546111576977	0.8325546111576978	0.8035382464397296	0.8181146885593543	0.8325546111576977	0.8325546111576977	0.8214307893323906	0.8114276111462139	0.8325546111576977	0.8289558005705605	0.8252241151456741	0.8325546111576977	0.8325546111576977	0.8192718491951156	1.0	0.8325546111576977	0.8325546111576977	0.7920333149465886	0.8325546111576977	0.8221777157527208	0.8162002576281935	0.8230968524765457	0.8178817900058603	0.8240130788531015	0.8145154362574668	0.8325546111576977	0.8325546111576977	0.8280006227208881	0.8093127397692501	0.8281669320188069	0.8252415039400312	0.8207256895923078	0.8144837761433527	0.8275208847251191	0.8282485631710114	0.8197990839934499	0.8162268552429982	0.8265554012201533	0.8272744264055534	0.8138734472577597	0.8325546111576977	0.8325546111576977	0.8325546111576977	0.8037248987534604	0.8215959321887437	0.8259139826858957	0.8235318584355423	0.8235947096380292	0.8325546111576978	0.8325546111576977	0.8282526013708918	0.8325546111576978	0.8126990964977856	0.8283223524260174	0.8325546111576977	0.8278579899655586	0.8167788006048002	0.821716157001244	0.8155103730765799	0.8262022859322772	0.8325546111576977
19	0.7810537065762014	0.8325546111576977	0.8325546111576977	1.0	0.8325546111576977	0.8325546111576977	0.828893998446721	0.8325546111576977	0.8325546111576977	1.0	0.8237094155696524	0.8325546111576977	0.8325546111576977	0.8325546111576977	0.8325546111576977	0.8325546111576977	0.8325546111576977	0.8254244559981504	0.8275745960587132	0.0	1.0	0.8325546111576977	0.8325546111576977	0.8210699286472521	0.8325546111576977	0.8270771114053928	0.8325546111576977	0.8287416096984951	0.8325546111576977	0.8151742073950672	0.8280360779212614	0.8263691537788426	0.7943862549026441	0.8286681706462937	0.8325546111576977	0.8247786976552756	0.8325546111576977	0.8260039527820294	0.8325546111576977	0.8187478341256724	0.8164962824949341	0.8325546111576977	0.8005379027154401	0.8325546111576977	0.8325546111576977	0.8188374000822151	0.8325546111576977	0.813280718467231	0.8325546111576977	0.8296717010726679	0.8091409446272475	0.7202341835152908	0.8282050816244755	1.0	0.8162604186618482	0.8325546111576977	0.8267870898147618	0.8325546111576977	0.8231604719464244	0.8191721548436718	0.826679963165212	0.8224108213438288	0.8273270862026274	0.824374136573684	0.8100508066980768	0.8142116356768999	0.7282148912752465	0.8071737185381541	0.756675860706978	0.8281129397468813	0.8099774404159511	0.803759121613647	0.7957492766942841	0.8056215303907021	0.7154951321195937	0.820064853451829	0.8325546111576977	0.8177033723140067	0.8325546111576977	0.814682738557619	0.799723682462976	0.8307401611838668	0.8256721249797773	0.8274060701812558	0.8184898399233903	0.8325546111576977	0.8257849444504942	0.7375437447115464	0.713337107447404	0.7952719979431577	0.7789283752747251	0.7848314593420262	0.7815279022507344	0.8261684682177327	0.7926311498159357	0.8047133520415803	0.7826168322247865	0.7825060227457246	0.8016471151517764	0.7973953674276316
20	1.0	1.0	1.0	1.0	1.0	1.0	1.0	1.0	1.0	1.0	1.0	1.0	1.0	1.0	1.0	1.0	1.0	1.0	1.0	1.0	0.0	1.0	1.0	1.0	1.0	1.0	1.0	1.0	1.0	1.0	1.0	1.0	1.0	1.0	1.0	1.0	1.0	1.0	1.0	1.0	1.0	1.0	1.0	1.0	1.0	1.0	1.0	1.0	1.0	1.0	1.0	1.0	1.0	1.0	1.0	1.0	1.0	1.0	1.0	1.0	1.0	1.0	1.0	1.0	1.0	1.0	1.0	1.0	1.0	1.0	1.0	1.0	1.0	1.0	1.0	1.0	1.0	1.0	1.0	1.0	1.0	1.0	1.0	1.0	1.0	1.0	1.0	1.0	1.0	1.0	1.0	1.0	1.0	1.0	1.0	1.0	1.0	1.0	1.0	1.0
21	0.8325546111576977	0.8325546111576977	0.8325546111576977	1.0	0.8325546111576977	0.8228224890775065	0.8325546111576978	0.8325546111576977	0.8325546111576977	1.0	0.8325546111576977	0.8325546111576977	0.8325546111576978	0.8325546111576977	0.8325546111576977	0.8325546111576977	0.8325546111576977	0.8325546111576977	0.8325546111576977	0.8325546111576977	1.0	0.0	0.8325546111576977	0.8325546111576977	0.8325546111576977	0.8325546111576977	0.8325546111576978	0.8325546111576978	0.8325546111576977	0.8325546111576977	0.8166916769772024	0.8325546111576977	0.8325546111576977	0.8325546111576977	0.8325546111576977	0.8325546111576977	0.8325546111576977	0.8325546111576977	0.8325546111576977	0.8325546111576977	0.8325546111576978	0.8325546111576977	0.8325546111576977	0.8325546111576977	0.8325546111576977	0.8325546111576977	0.8325546111576977	0.8325546111576977	0.8325546111576978	0.8325546111576977	0.8325546111576977	0.8325546111576977	0.8325546111576978	1.0	0.8325546111576977	0.8325546111576977	0.8325546111576977	0.8325546111576977	0.8325546111576977	0.8325546111576977	0.8325546111576978	0.8325546111576977	0.8325546111576977	0.8196529910187152	0.8325546111576977	0.8325546111576977	0.8325546111576977	0.8325546111576977	0.8325546111576977	0.8325546111576978	0.8325546111576977	0.8325546111576978	0.8325546111576977	0.8325546111576977	0.8325546111576977	0.8325546111576977	0.8325546111576978	0.8325546111576977	0.8325546111576977	0.8325546111576977	0.8325546111576977	0.8325546111576977	0.8325546111576977	0.8185019630325181	0.8325546111576977	0.8325546111576977	0.8325546111576978	0.8325546111576978	0.8325546111576977	0.8325546111576977	0.8325546111576978	0.8325546111576977	0.8325546111576977	0.8325546111576977	0.8325546111576978	0.8325546111576977	0.8325546111576977	0.8325546111576977	0.8325546111576977	0.8325546111576977
22	0.827544514999572	0.8265895761929742	0.8276120047607078	1.0	0.8325546111576977	0.8325546111576977	0.8279803145343013	0.8263285297881742	0.8292992454066855	1.0	0.8250898958154447	0.8325546111576977	0.8238840625712844	0.8268403783895842	0.8080385546039813	0.8255563347642403	0.8325546111576977	0.8278480776322591	0.8325546111576977	0.8325546111576977	1.0	0.8325546111576977	0.0	0.8279225944427769	0.825852408870091	0.8231588793114757	0.820195104118404	0.8325546111576978	0.8209302618366687	0.8325546111576977	0.8325546111576977	0.8260378436075586	0.8262833175928216	0.8194212419702653	0.8278863176865546	0.8244049852462239	0.8281572523238594	0.8325546111576977	0.8261569835234605	0.8303348144846068	0.8325546111576978	0.827034423670045	0.8279653785118989	0.8200933393691983	0.8325546111576977	0.8286628921769553	0.8325546111576977	0.8325546111576977	0.8325546111576978	0.8194172184823043	0.8258594618951329	0.8325546111576977	0.8325546111576978	1.0	0.8325546111576977	0.8325546111576977	0.8325546111576977	0.8217324029276162	0.8325546111576977	0.8211045901116275	0.8325546111576978	0.8219540701928775	0.8259743183645878	0.8325546111576977	0.8168337385684299	0.8263873710738138	0.8233398008238023	0.8325546111576977	0.8325546111576977	0.8201475152968825	0.8253963809667678	0.752191657898891	0.8104749321363556	0.8236979591543038	0.8325546111576977	0.8245674558930888	0.8293118904876514	0.8325546111576977	0.7844271562894057	0.8325546111576977	0.798511660937238	0.8132140342773585	0.8285787779875337	0.8233107159880575	0.8001250405215677	0.8177902172266334	0.8244771289894008	0.8325546111576978	0.8325546111576977	0.8325546111576977	0.8325546111576978	0.822478959685756	0.8242431950616239	0.8278867268343907	0.8277455767273356	0.8090004791211195	0.8257414684849467	0.8261049497334388	0.8195295125012203	0.8256831921743732
23	0.8325546111576977	0.8325546111576977	0.8275447444176081	1.0	0.8325546111576977	0.810970284431568	0.8325546111576978	0.7810063450615065	0.8226322746071594	1.0	0.8325546111576977	0.8281248210951456	0.8175922118705274	0.8325546111576977	0.8325546111576977	0.8086481946239696	0.8325546111576977	0.8325546111576977	0.8325546111576977	0.8210699286472521	1.0	0.8325546111576977	0.8279225944427769	0.0	0.8262445643320345	0.8230148629217685	0.8286439994960944	0.8288884200401699	0.8325546111576977	0.8260309120003448	0.8325546111576977	0.8192466205145463	0.8130484844213492	0.8325546111576977	0.8271245208562503	0.8284112525718533	0.8245931477685517	0.8228005726789637	0.8325546111576977	0.8203093400354902	0.8325546111576978	0.8325546111576977	0.8325546111576977	0.8105783256402062	0.8325546111576977	0.7975546130780999	0.8325546111576977	0.8325546111576977	0.8325546111576978	0.82898004467901	0.8139455362718672	0.821191733224383	0.8231812469464403	1.0	0.8217209721920843	0.8325546111576977	0.8228511136783792	0.8325546111576977	0.7851452712183293	0.8110259802124592	0.8141786930845307	0.8276494348612048	0.8325546111576977	0.8325546111576977	0.8325546111576977	0.8259356477885108	0.8274519837476854	0.7824842094146078	0.7726115787724684	0.7919740342397016	0.8152740136162423	0.8223302334640881	0.8254310147827616	0.8325546111576977	0.8237824256312628	0.8265963257316112	0.8245563873681395	0.8269533557832792	0.8270009704023513	0.8034620101792534	0.8250753007955348	0.825852421642636	0.8325546111576977	0.824387282108661	0.8325546111576977	0.8182211406330887	0.8226008675953967	0.8325546111576978	0.8325546111576977	0.8325546111576977	0.7896033352971283	0.8325546111576977	0.8076823236882097	0.8325546111576977	0.8140327755580057	0.8148226995686606	0.8238700707423781	0.827094622778116	0.828480381568398	0.8325546111576977
