	0	1	2	3	4	5	6	7	8	9	10	11	12	13	14	15	16	17	18	19	20	21	22	23	24	25	26	27	28	29	30	31	32	33	34	35	36	37	38	39	40	41	42	43	44	45	46	47	48	49	50	51	52	53	54	55	56	57	58	59	60	61	62	63	64	65	66	67	68	69	70	71	72	73	74	75	76	77	78	79	80	81	82	83	84	85	86	87	88	89	90	91	92	93	94	95	96	97	98	99
0	0.0	0.8286741732934277	0.8245340340144403	0.8325546111576978	0.8231603320754425	0.8245497030785047	0.8325546111576977	0.8325546111576977	0.8325546111576977	0.8325546111576978	0.8248818317786953	0.8325546111576977	0.8256985796913822	0.8325546111576977	0.8240346028017516	0.8325546111576977	0.8325546111576977	0.8287668228315258	0.8325546111576977	0.8275012154300649	0.8279552668630473	0.8325546111576977	0.8325546111576977	0.829398493246351	0.8325546111576977	0.8269521576865	0.8235997335389175	0.8325546111576977	0.8325546111576977	0.8325546111576978	0.8295410848930344	0.8325546111576977	0.8325546111576977	0.8325546111576977	1.0	0.8282576945593698	0.8325546111576978	0.8325546111576977	1.0	0.8325546111576978	0.8325546111576977	0.8325546111576978	0.8289618912881849	0.8325546111576977	0.8296381156083219	0.8284560731493665	0.8270476142614751	1.0	0.8325546111576977	0.8325546111576977	0.8325546111576977	0.8325546111576977	0.8325546111576977	0.8325546111576977	0.8277188789024437	0.8325546111576977	0.8325546111576977	0.8291529330889186	0.8285461387374286	0.8325546111576977	0.8283084313700319	0.8248518132947428	0.8198302276646547	0.8234876018160202	0.8171700923673008	0.8280186701366123	0.8259660105972435	0.8217194819817119	0.8276078924805931	0.8284458697012238	0.8278195941620983	0.8269160381757977	0.8151932210490795	0.8289106338131409	0.8325546111576977	0.828282007685731	0.8273317950718126	0.8272100963657348	0.8325546111576977	0.8290371910159706	0.8169682950498589	0.8325546111576977	0.8286280825419681	0.8325546111576977	0.8325546111576977	0.8325546111576978	0.8166750265549972	0.8276597821036498	0.8325546111576978	0.8158683327727327	0.8325546111576977	0.8325546111576977	0.8289102467248158	0.8277230664464721	0.8296484062715058	0.8325546111576977	0.8288305139754101	0.8325546111576977	0.8280638300057653	0.8230429448658768
1	0.8286741732934277	0.0	0.8325546111576977	0.829521606804066	0.8325546111576977	0.8325546111576977	0.8148814253784803	0.8219705908525674	0.8274489623342026	0.8325546111576978	0.8325546111576977	0.8176578612855138	0.8325546111576977	0.8233208175621038	0.8325546111576977	0.8258437981306582	0.8325546111576977	0.819192305326693	0.8264567218833467	0.8214444712815115	0.826656183535332	0.8166631977376232	0.8208860379505719	0.8236731345885163	0.8203776668528139	0.8081426600842224	0.8178162170433022	0.8302217123123166	0.8287207693919951	0.8325546111576978	0.8246814694617864	0.8293698928267468	0.8305896122855121	0.8274891841566121	1.0	0.8325546111576977	0.8193184311680213	0.8244857303285499	1.0	0.8325546111576978	0.8325546111576977	0.8325546111576978	0.8250616265210022	0.8325546111576977	0.8210261838338548	0.8177051046565708	0.8325546111576978	1.0	0.8325546111576977	0.8325546111576977	0.8325546111576977	0.8325546111576977	0.8297798680542082	0.8236392748779984	0.8237321676284955	0.8281236197463608	0.8197481186695986	0.8325546111576977	0.8275381049922077	0.8247979406884495	0.8325546111576977	0.8274948221036631	0.8237204571241825	0.8201225489916529	0.8325546111576977	0.8325546111576977	0.8244182592001164	0.8243570100843103	0.8325546111576977	0.8193171321131891	0.8279179360663189	0.8325546111576977	0.8325546111576977	0.8236248288456628	0.8259220218308414	0.8325546111576977	0.8325546111576977	0.8325546111576977	0.8325546111576977	0.8325546111576978	0.8200764452543502	0.8258884547973364	0.8290595898863142	0.8325546111576977	0.8325546111576977	0.827670065048513	0.8227784718934129	0.8137393273106194	0.8325546111576978	0.8249273040064323	0.8325546111576977	0.8325546111576977	0.8325546111576977	0.8251862882977726	0.8234868009254167	0.8325546111576977	0.8272819228956001	0.8235230338675554	0.8325546111576977	0.8199047494149664
2	0.8245340340144403	0.8325546111576977	0.0	0.8289296025841162	0.8249370460421823	0.8325546111576977	0.802150536517642	0.8325546111576977	0.8325546111576977	0.8152319634139539	0.8282107709888062	0.8325546111576977	0.8151290844142621	0.8325546111576977	0.8209234404420113	0.8325546111576977	0.8142155156789584	0.82714823768678	0.8115877841558541	0.8146410529943617	0.798520826678279	0.8127916112525017	0.8095130974016014	0.8245575179957426	0.8325546111576977	0.8086605010320383	0.8294489325110439	0.8325546111576977	0.8325546111576977	0.8262229552430183	0.8248122485470071	0.8290147405243101	0.8304149719222059	0.819652113842834	1.0	0.8162365712308964	0.8170193193730247	0.8211880623638887	1.0	0.8325546111576978	0.8275362548970496	0.8262693831424083	0.8244078932322597	0.8216677771014056	0.8325546111576977	0.8325546111576977	0.8325546111576978	1.0	0.8325546111576977	0.8256547413651092	0.8207952670298101	0.8325546111576977	0.8325546111576977	0.815137621921943	0.8234304665302423	0.8325546111576977	0.8325546111576977	0.8129283957505978	0.8193859953225254	0.813013324403309	0.8278663638018728	0.8097718657388189	0.8181691149646564	0.8192215053642811	0.8287410626493347	0.8207477089968699	0.8123929177419063	0.8198839965038892	0.816911834005941	0.8246015282619468	0.8233581684009412	0.8104894876020852	0.8325546111576977	0.8140549451220593	0.8325546111576977	0.8278359256236921	0.8176205576625177	0.813613326680441	0.8325546111576977	0.8136693883397068	0.8325546111576978	0.8325546111576977	0.8011989264408219	0.8252114637744304	0.8286309993503334	0.8325546111576978	0.8227373501139464	0.8271165692135528	0.8120913421317275	0.8152151513509618	0.8325546111576977	0.8325546111576977	0.800979793817432	0.8233476516315106	0.8253262156071073	0.8262954035569828	0.8325546111576978	0.8023054250181578	0.8184383689265186	0.8164394532337955
3	0.8325546111576978	0.829521606804066	0.8289296025841162	0.0	0.8325546111576978	0.8270988420771289	0.8294820150000879	0.8325546111576978	0.8325546111576978	0.8295928850551474	0.8175142265289622	0.8297660031391988	0.8325546111576978	0.8217120315009396	0.8295913307742729	0.8325546111576978	0.8299408668354095	0.8325546111576977	0.8325546111576978	0.829754377146203	0.8325546111576978	0.8284444217341671	0.8299609800045604	0.8325546111576978	0.8325546111576977	0.8225779657847611	0.8296456921150492	0.8325546111576977	0.8300637982926112	0.8325546111576978	0.8283221666123324	0.8295138084748589	0.8325546111576978	0.8325546111576978	1.0	0.8238192938946121	0.823146953247141	0.8325546111576977	1.0	0.8325546111576978	0.8299335779647677	0.8325546111576978	0.8247230400440639	0.8325546111576978	0.8325546111576978	0.8325546111576978	0.8019625027108198	1.0	0.8277369110171319	0.8325546111576978	0.8188262199526968	0.8325546111576977	0.8255247737863914	0.829641529878129	0.8236370920634752	0.8266387775801126	0.8289417257201257	0.8238634052211761	0.8325546111576978	0.8289195799288753	0.8201892883687179	0.8296084686987529	0.8325546111576978	0.8196234024310723	0.8325546111576978	0.8325546111576977	0.8325546111576978	0.8203869432891896	0.8325546111576977	0.8287553241328496	0.8272232756662761	0.8325546111576977	0.8325546111576978	0.8325546111576978	0.8126199030769596	0.822498014653921	0.8262177121823373	0.8165638665596584	0.8181973248445622	0.8217775505232743	0.8158902317430533	0.8193028069182626	0.8297478440337113	0.8099795097793662	0.8297346465352455	0.8266976742245051	0.8294657463540959	0.82930913454034	0.8293695379704186	0.8261261180193471	0.8261992231370803	0.8325546111576978	0.8325546111576978	0.8325546111576978	0.827096717973235	0.8287917891736508	0.8295033710655699	0.8325546111576978	0.8294416577513574	0.8263471425637539
4	0.8231603320754425	0.8325546111576977	0.8249370460421823	0.8325546111576978	0.0	0.8325546111576977	0.8325546111576977	0.8168337349412079	0.8325546111576977	0.8325546111576978	0.7943584875317234	0.826385968909662	0.8217358547265817	0.8325546111576977	0.8325546111576977	0.8325546111576977	0.8280198321429769	0.8247110227702141	0.814618191962895	0.8300750064259677	0.8258438140733856	0.8167801938197115	0.822979107942953	0.8243414618223237	0.8325546111576977	0.8293112445290732	0.8223477984828941	0.8272555075007569	0.8325546111576977	0.8325546111576978	0.830006008090659	0.828193359351682	0.8300275046254252	0.8284662433230606	1.0	0.821495283580906	0.8325546111576978	0.8284889174650556	1.0	0.8195840570534965	0.8191319655886673	0.8325546111576978	0.8325546111576977	0.8187286400813725	0.8300872701275519	0.8325546111576977	0.8281162849932303	1.0	0.8192852790578566	0.8257275887936497	0.8325546111576977	0.8325546111576977	0.8307196192648841	0.8128287241297246	0.8325546111576977	0.8109894399385026	0.82614787886719	0.8325546111576977	0.809388076563499	0.8196315665496917	0.8196642528951714	0.7860661048377908	0.7629913588718001	0.8133563344377337	0.7860245502138105	0.7688291215239886	0.8232560798534863	0.8166971348802294	0.820004477017422	0.8087828554082861	0.8325546111576977	0.7826759943704025	0.8212861760289982	0.7949769072822153	0.8286576818250804	0.8079386341196045	0.8325546111576977	0.8130937012497438	0.8293860831690999	0.8296195668265663	0.8223308826307965	0.8216760515411713	0.8249749661028578	0.7880981421184051	0.8220426925861952	0.8131483635916787	0.829374660807987	0.8106443252212436	0.8188756037885393	0.8325546111576977	0.8149221711216246	0.8325546111576977	0.7688892614454207	0.8325546111576978	0.8163847081812	0.8294846082906209	0.8212259760309076	0.8325546111576977	0.8325546111576977	0.8290983428364685
5	0.8245497030785047	0.8325546111576977	0.8325546111576977	0.8270988420771289	0.8325546111576977	0.0	0.8325546111576977	0.8247286905688267	0.8325546111576977	0.8034273010710948	0.8271333789001623	0.8110663387706527	0.8178334218880969	0.7998644712735179	0.8233150899239221	0.8194228379406496	0.8158212507812957	0.8227495871187444	0.81719846566225	0.8325546111576977	0.8151268435295852	0.8077591809936212	0.8275360603764284	0.8325546111576977	0.8325546111576977	0.8221462796111032	0.8268369568791222	0.8325546111576977	0.8257266644753719	0.8325546111576978	0.828206336184322	0.8277073046586951	0.8298068628496268	0.8325546111576977	1.0	0.8205173555969106	0.8214397187765452	0.8325546111576977	1.0	0.8325546111576978	0.8216162446723938	0.8325546111576978	0.8325546111576977	0.8091092984443051	0.8276468882912307	0.8185834285706339	0.8266300448346771	1.0	0.8325546111576977	0.8325546111576977	0.8184326211974321	0.8325546111576977	0.8255974782009078	0.8201610642120232	0.8211366229676658	0.8325546111576977	0.8325546111576977	0.8280649389384792	0.8262234448620003	0.8208123236354479	0.8136315896433745	0.8325546111576977	0.8162869389640325	0.815053176148989	0.8272709057360725	0.8260188212123133	0.819731498948996	0.8235281955537381	0.8158515098107542	0.8177840210281712	0.8325546111576977	0.8325546111576977	0.8289204198571091	0.8132451137356648	0.8161930622382786	0.8200080611982866	0.8174159346729379	0.8099767365472847	0.8277111927162012	0.8325546111576978	0.8241466106959965	0.828231832683792	0.8214578528753319	0.8144476494205325	0.8286962953709617	0.8145611632235638	0.8217996289418912	0.8183343722382482	0.8288482041851003	0.8325546111576977	0.8325546111576977	0.8325546111576977	0.8325546111576977	0.8272668898721688	0.8325546111576978	0.824236437178437	0.8325546111576978	0.8274601410380282	0.8243428784070547	0.8169768588653427
6	0.8325546111576977	0.8148814253784803	0.802150536517642	0.8294820150000879	0.8325546111576977	0.8325546111576977	0.0	0.8213548429647076	0.8325546111576977	0.8325546111576978	0.8325546111576977	0.8141298529949406	0.8215299812659398	0.8325546111576977	0.8325546111576977	0.8162834339564163	0.8325546111576977	0.8325546111576977	0.8325546111576977	0.8325546111576977	0.8325546111576977	0.8325546111576977	0.8325546111576977	0.8325546111576977	0.8272273980433441	0.8207127936486402	0.828848177188806	0.8325546111576977	0.8265094615581394	0.8325546111576978	0.8325546111576977	0.8325546111576977	0.8325546111576977	0.8262766489370998	1.0	0.8325546111576977	0.821420599175995	0.8325546111576977	1.0	0.8325546111576978	0.8218060065774636	0.8285705874359239	0.8325546111576977	0.8325546111576977	0.8325546111576977	0.8223451012546457	0.8274452220194438	1.0	0.8325546111576977	0.8264938862542938	0.807458501519067	0.8231899638161906	0.8325546111576977	0.8325546111576977	0.8325546111576977	0.8325546111576977	0.8141909164180456	0.8325546111576977	0.8325546111576977	0.8325546111576977	0.812560893047775	0.8263041058753519	0.8325546111576977	0.8325546111576977	0.8325546111576977	0.8325546111576977	0.8325546111576977	0.8325546111576977	0.8274572674057873	0.8202755168492012	0.8325546111576977	0.8325546111576977	0.8272849150144901	0.8325546111576978	0.8033713447382065	0.8325546111576977	0.8274364781064494	0.82454309960534	0.7827265305049584	0.8325546111576978	0.8325546111576978	0.825890127555557	0.8325546111576978	0.8245825170405562	0.8325546111576977	0.8325546111576978	0.8260436959507159	0.8325546111576977	0.8325546111576978	0.8138815052703742	0.8273391667680257	0.8325546111576977	0.8325546111576977	0.8325546111576978	0.8272755837844328	0.8325546111576977	0.8235179222633349	0.8192086636257677	0.8325546111576977	0.8325546111576977
7	0.8325546111576977	0.8219705908525674	0.8325546111576977	0.8325546111576978	0.8168337349412079	0.8247286905688267	0.8213548429647076	0.0	0.8287026845006743	0.8281166521846042	0.8175327412220982	0.8170157119834673	0.8325546111576977	0.8220963591169239	0.827566944375019	0.8239161710596951	0.8073789325585204	0.8117006932311696	0.8272751897932549	0.8246674768110575	0.8219032267190289	0.8210197985769797	0.8280938701994272	0.8182285357562542	0.8325546111576977	0.8325546111576977	0.8325546111576977	0.8325546111576977	0.8325546111576977	0.8325546111576978	0.8307092027542295	0.8325546111576977	0.8296551373335003	0.8218137492981039	1.0	0.8239518037394692	0.8210918894082985	0.8325546111576977	1.0	0.8270395660897298	0.8188765865670672	0.8199234485872658	0.8222408984868702	0.8162692045600431	0.8325546111576977	0.8289068235471304	0.8245429991316638	1.0	0.8080124704761632	0.8325546111576977	0.8211504359029483	0.8325546111576977	0.8325546111576977	0.7932477872311794	0.8218253218831921	0.8127872336786427	0.8325546111576977	0.8187350255864779	0.8103978836887865	0.8133599089626609	0.8115456775298373	0.7745278225673028	0.828066399416601	0.8042464566868834	0.8133711599417616	0.8163485260186655	0.7768913294076217	0.8325546111576977	0.8099464335065463	0.819575205244508	0.8325546111576977	0.8117613449997036	0.8137951344188413	0.7957309942346957	0.807793507500333	0.8180524419106218	0.8226243077123357	0.776359174598629	0.8022366670511714	0.8282979284029404	0.8325546111576978	0.8249380724027647	0.813034753049458	0.7810829267246121	0.825322462752445	0.7959038454196874	0.8223842475828964	0.81868958597211	0.8211441064334212	0.8141309510297112	0.8325546111576977	0.8325546111576977	0.8283982100542832	0.8325546111576978	0.8325546111576978	0.8204340306581667	0.8242080121853267	0.8218122271042942	0.8226971519406701	0.8085036689273393
8	0.8325546111576977	0.8274489623342026	0.8325546111576977	0.8325546111576978	0.8325546111576977	0.8325546111576977	0.8325546111576977	0.8287026845006743	0.0	0.8293975275659886	0.815541382153447	0.8253482410750405	0.8325546111576977	0.8170399154392958	0.8216591314621596	0.8325546111576977	0.8325546111576977	0.8325546111576977	0.8325546111576977	0.8325546111576977	0.8325546111576977	0.8325546111576977	0.8325546111576977	0.8279200619859345	0.8325546111576977	0.8325546111576977	0.8325546111576977	0.8303907751643327	0.8246357105220373	0.8325546111576978	0.8310288358645751	0.8325546111576977	0.8325546111576977	0.8325546111576977	1.0	0.8325546111576977	0.8325546111576978	0.8271100607599313	1.0	0.8325546111576978	0.8325546111576977	0.8261257663344912	0.8284465664937277	0.8325546111576977	0.8325546111576977	0.8325546111576977	0.8325546111576978	1.0	0.8294867755267019	0.8325546111576977	0.8325546111576977	0.8325546111576977	0.8208438752163116	0.8277551380945485	0.8206109656380113	0.8023877289750261	0.8282612948706182	0.8325546111576977	0.8221800892166989	0.8287728912727436	0.8325546111576977	0.8123858299532072	0.8325546111576977	0.8325546111576977	0.8325546111576977	0.8164817160139725	0.8219659784339449	0.8202337713393099	0.8246368445518758	0.8226190668652208	0.8173045925506157	0.8325546111576977	0.8325546111576977	0.8325546111576978	0.8199265046608036	0.821136607387645	0.8231035968942348	0.8325546111576977	0.8268196093995537	0.8325546111576978	0.8298316555481637	0.8278653442642147	0.825575247982529	0.8271346821319245	0.8325546111576977	0.8325546111576978	0.8229573637945413	0.8325546111576977	0.8325546111576978	0.8206533116248405	0.8243552630854498	0.8325546111576977	0.8274276520834491	0.8325546111576978	0.8229626313845746	0.8293080343132462	0.8291871689874575	0.8325546111576977	0.8325546111576977	0.8325546111576977
9	0.8325546111576978	0.8325546111576978	0.8152319634139539	0.8295928850551474	0.8325546111576978	0.8034273010710948	0.8325546111576978	0.8281166521846042	0.8293975275659886	0.0	0.8254337624551725	0.7803342820648497	0.8064160149267323	0.7888084019083856	0.8276187285734963	0.7963737698156554	0.8062460220939539	0.79717953306697	0.7808091170529528	0.8136438932920815	0.8159361539891882	0.7867304561374643	0.8027160293986684	0.825153860480192	0.8325546111576977	0.8189902068292858	0.8297942742371575	0.8325546111576977	0.8253572906590338	0.8325546111576978	0.8295020516681451	0.8214641994398346	0.8288405490954096	0.8281794550782084	1.0	0.8242471398860026	0.8009039036703759	0.8325546111576977	1.0	0.8325546111576978	0.7837674407043668	0.8274093251670122	0.8283420140384724	0.8175238759361808	0.8155472771537671	0.8172419223883428	0.8325546111576978	1.0	0.8239528116062671	0.8140879793803686	0.798970818557552	0.8248606797557838	0.8283416118881133	0.811051823518946	0.8024499616905788	0.8152010687994059	0.8245384609283836	0.8325546111576978	0.8258521480434834	0.8064018075034828	0.8267633246506861	0.8203659119468169	0.8211734487547637	0.8123017448788835	0.8283545590274948	0.8279864368678812	0.8204622170616485	0.821816868056475	0.8217603329628882	0.8178014416656482	0.8251883605368245	0.8217864741599488	0.828687963863167	0.8236642754708121	0.807720529001521	0.8117864792704429	0.8152271246876861	0.809413078880747	0.8043490010227948	0.8202666180630578	0.8154289764039914	0.809276653779603	0.8047147541674873	0.8210455078526268	0.8207030107825283	0.7903107329353457	0.725688107937245	0.8186602038687228	0.823077542247772	0.8325546111576978	0.824394098979452	0.8325546111576978	0.8187538273986046	0.8203877622162709	0.8171959286135873	0.761219023083713	0.8246376188131538	0.6855998543629469	0.8208069965500748	0.8325546111576978
10	0.8248818317786953	0.8325546111576977	0.8282107709888062	0.8175142265289622	0.7943584875317234	0.8271333789001623	0.8325546111576977	0.8175327412220982	0.815541382153447	0.8254337624551725	0.0	0.8268267065484627	0.8325546111576977	0.8325546111576977	0.8137829199067521	0.8268277845647395	0.8325546111576977	0.8250434712561456	0.8325546111576977	0.8280811190479666	0.8254098426559365	0.8325546111576977	0.8325546111576977	0.8077117270338847	0.8325546111576977	0.8325546111576977	0.8325546111576977	0.8325546111576977	0.8325546111576977	0.8325546111576978	0.8284329047367045	0.8270686747124223	0.8325546111576977	0.8325546111576977	1.0	0.816831054023106	0.8285119217636135	0.8325546111576977	1.0	0.8202526905687091	0.8257836224006238	0.8325546111576978	0.8325546111576977	0.8225795659350658	0.8325546111576977	0.8325546111576977	0.8325546111576978	1.0	0.8173056395829935	0.8264953492797292	0.8325546111576977	0.8284037376582721	0.8278202803749317	0.8058432218215842	0.8325546111576977	0.8107417069579774	0.8325546111576977	0.8325546111576977	0.810914525540042	0.8254315492240625	0.8142906366911995	0.7872295277122314	0.8174898971385463	0.8116997716003095	0.8037715125357301	0.7803377131497082	0.8236761566599452	0.8121646474252133	0.8132887557142124	0.8130445064482322	0.8325546111576977	0.781267241327401	0.825738416807885	0.8003979019454271	0.8325546111576977	0.7832322720054452	0.8325546111576977	0.8142836574444977	0.8267751084084504	0.8325546111576978	0.8325546111576978	0.8219368685016986	0.8252922320688695	0.7838277623930823	0.8325546111576977	0.8173343492078303	0.8163780694835601	0.8081672514167252	0.8234595151159474	0.8325546111576977	0.8159558173766933	0.8325546111576977	0.7758575548537864	0.825704152320784	0.8241695426226279	0.8325546111576977	0.8242161336351135	0.8274541012014484	0.8325546111576977	0.8234240011142938
11	0.8325546111576977	0.8176578612855138	0.8325546111576977	0.8297660031391988	0.826385968909662	0.8110663387706527	0.8141298529949406	0.8170157119834673	0.8253482410750405	0.7803342820648497	0.8268267065484627	0.0	0.8118176928670663	0.8138617167807207	0.810223009957761	0.8062610502164044	0.8247378824619566	0.8140106680916972	0.7938236390392078	0.8209791636768522	0.827507700835794	0.7724180567835415	0.8081677618718418	0.8149155002601459	0.8325546111576977	0.8325546111576977	0.8282983981490404	0.8325546111576977	0.8261871907699722	0.8325546111576978	0.8325546111576977	0.8279902098358154	0.8325546111576977	0.8325546111576977	1.0	0.8325546111576977	0.8009434530476159	0.8325546111576977	1.0	0.8325546111576978	0.7917679561157525	0.8325546111576978	0.8325546111576977	0.8124374521302447	0.816492185323432	0.8207404871684063	0.825976595272657	1.0	0.819484537955954	0.8325546111576977	0.7927294491134224	0.8325546111576977	0.8325546111576977	0.7262763210230652	0.8325546111576977	0.8149873363928273	0.820880220390105	0.8325546111576977	0.8060491187979965	0.811941913916228	0.8046607198327143	0.8269268270110129	0.8113924826055895	0.8129761673569128	0.8147233455398973	0.8111613754163419	0.8128022743071447	0.8325546111576977	0.8207364566429962	0.8098608091587306	0.8265176142348445	0.8228483446313279	0.8206523117224969	0.8325546111576978	0.8100354666088526	0.8325546111576977	0.8130256620999088	0.8157316946186987	0.7969798268078963	0.8325546111576978	0.8202559745623212	0.8134511126312274	0.8003357623026679	0.8186817998329353	0.8235291741268538	0.7703823881022596	0.7907467703220776	0.8176737121084551	0.8277681091940122	0.8240057064323125	0.8325546111576977	0.8325546111576977	0.8325546111576977	0.8156330943308954	0.8325546111576978	0.7881857708840961	0.8263402817613001	0.7933915577781622	0.8325546111576977	0.8269544980756358
12	0.8256985796913822	0.8325546111576977	0.8151290844142621	0.8325546111576978	0.8217358547265817	0.8178334218880969	0.8215299812659398	0.8325546111576977	0.8325546111576977	0.8064160149267323	0.8325546111576977	0.8118176928670663	0.0	0.8185164004474832	0.8167362817445663	0.8131914399408702	0.7531341733236181	0.8131930188340514	0.8221164175151586	0.8325546111576977	0.7644950223547017	0.7833233326169872	0.8126447566681468	0.819980479471277	0.8325546111576977	0.7822737143888909	0.8277279949552541	0.8247960689144894	0.7841570700907514	0.8325546111576978	0.8300598216311891	0.8146785993652581	0.8293404153360742	0.7818024833702533	1.0	0.7699501576662254	0.7171144090157207	0.8191153049705563	1.0	0.8267366883781592	0.7405411861933473	0.8281928965186874	0.8176788670078515	0.8122580008951317	0.8151763933035803	0.8266170307741737	0.827424925058587	1.0	0.7958940417750335	0.8325546111576977	0.6550216888720958	0.8230483220477095	0.8183483845169163	0.7354557063764522	0.8089903495169367	0.8156202018680061	0.8013824475750001	0.794219113414918	0.7915253707298034	0.7952435812353165	0.8076992095957526	0.7964039155570287	0.8161460039739001	0.7871535764152531	0.8325546111576977	0.8200464790157727	0.7632184893747591	0.8026489915077508	0.7838583458238626	0.8145337742093697	0.8260163932543312	0.8030908937793256	0.8187912020185001	0.8120235243794041	0.7845597340396598	0.7955793112665468	0.7763391067416694	0.8182820840468287	0.8200296799876193	0.8192391496370692	0.8206554246992133	0.8204526996018725	0.7774125116990164	0.818565432550881	0.8325546111576977	0.820843539813536	0.8065658332625768	0.794291945066553	0.7594069070350663	0.7385623809341718	0.8139795839135764	0.8325546111576977	0.8325546111576977	0.8212859774529305	0.8226121789282865	0.8035662211620793	0.8252798325012419	0.7183543730953703	0.7681137279303113	0.7609750952163423
13	0.8325546111576977	0.8233208175621038	0.8325546111576977	0.8217120315009396	0.8325546111576977	0.7998644712735179	0.8325546111576977	0.8220963591169239	0.8170399154392958	0.7888084019083856	0.8325546111576977	0.8138617167807207	0.8185164004474832	0.0	0.8325546111576977	0.8193148876059022	0.7973830138448437	0.8180496437053273	0.8243365873577707	0.8263553426467763	0.8275399181240001	0.8089185118474926	0.8325546111576977	0.8163745761793162	0.8325546111576977	0.8325546111576977	0.8325546111576977	0.8325546111576977	0.8325546111576977	0.8325546111576978	0.8325546111576977	0.825689429699188	0.8294530087032823	0.8325546111576977	1.0	0.8258417877590669	0.8146703894402264	0.8325546111576977	1.0	0.8266543263469766	0.8136023764254512	0.827578276934763	0.8325546111576977	0.8091418805700735	0.8154655663486208	0.8072612597121902	0.8325546111576978	1.0	0.7902404716754873	0.8227685893519071	0.8057157284665986	0.8152800737125129	0.817225388870626	0.8142248825950408	0.8143390152717772	0.7625556647850651	0.8276254252961908	0.8282714816126591	0.8168282493106079	0.8151776606881466	0.8168966870137441	0.8225784779985795	0.8249546081792796	0.7989320877819109	0.8205732401026404	0.8245571605495441	0.8043839214812961	0.8325546111576977	0.8082680219877026	0.796257972167117	0.788522144773911	0.8325546111576977	0.8325546111576977	0.8325546111576978	0.7610809733461905	0.8142308749568951	0.7831193997769855	0.8258331138340531	0.7980867408842864	0.8325546111576978	0.8176864676306619	0.8202332356090644	0.7940191682726051	0.8156724015327446	0.8325546111576977	0.8003215590018862	0.7543117921797446	0.7953600056448236	0.8325546111576978	0.8325546111576977	0.8114624072878084	0.8325546111576977	0.8325546111576977	0.8147422108995312	0.8286841816955238	0.8083419932896657	0.8269376890497162	0.7948343005412831	0.8325546111576977	0.8158053100502253
14	0.8240346028017516	0.8325546111576977	0.8209234404420113	0.8295913307742729	0.8325546111576977	0.8233150899239221	0.8325546111576977	0.827566944375019	0.8216591314621596	0.8276187285734963	0.8137829199067521	0.810223009957761	0.8167362817445663	0.8325546111576977	0.0	0.8325546111576977	0.8219411530668517	0.8095228611560491	0.8161530900504846	0.8193271788734781	0.8047303997934939	0.80364041615733	0.8093894633534476	0.8031152851648532	0.8325546111576977	0.8070238800895329	0.8290429047244969	0.8325546111576977	0.8325546111576977	0.8247068241471032	0.8325546111576977	0.8288411447183941	0.8325546111576977	0.8163089358393929	1.0	0.8151053825827923	0.8232290460168914	0.8325546111576977	1.0	0.8325546111576978	0.8288608712773472	0.8325546111576978	0.8325546111576977	0.8153334902895555	0.8279016847217333	0.827505229456726	0.8325546111576978	1.0	0.8175168591841547	0.819745105186852	0.8178803777732359	0.8325546111576977	0.822158655591668	0.813346898009613	0.8192654448507971	0.8257429475176049	0.8262871298764778	0.8178459876949803	0.8180606271721429	0.8147142153581282	0.8162540834846047	0.817225736976874	0.8097710015445999	0.8230009625975043	0.8325546111576977	0.8130407914178516	0.8177208060260347	0.8247057532286292	0.7980883978028053	0.8325546111576977	0.8325546111576977	0.8169185316010837	0.8231534733803487	0.8240590505127661	0.8160990082683378	0.8075050308078037	0.8215346967401385	0.8088281915451736	0.8111157954314089	0.8178971744228963	0.8325546111576978	0.8300075186362772	0.8227622346572387	0.8091578700364017	0.8267002609354638	0.818831338563081	0.8262059891756668	0.8325546111576977	0.8115861875984774	0.8173248919973719	0.8283570748839969	0.8325546111576977	0.8196730757664763	0.8325546111576978	0.8275895306639562	0.8162940095108003	0.829266758916568	0.8113413358616139	0.8164196660918288	0.817729373567804
15	0.8325546111576977	0.8258437981306582	0.8325546111576977	0.8325546111576978	0.8325546111576977	0.8194228379406496	0.8162834339564163	0.8239161710596951	0.8325546111576977	0.7963737698156554	0.8268277845647395	0.8062610502164044	0.8131914399408702	0.8193148876059022	0.8325546111576977	0.0	0.8094882223838	0.8119984384659479	0.8229349296297425	0.8192704121453686	0.8268676430941538	0.8227288935123799	0.8245066215111783	0.8232195808193159	0.8325546111576977	0.8325546111576977	0.8325546111576977	0.827706763039823	0.8325546111576977	0.8325546111576978	0.8270416407978918	0.8278502631613336	0.8133161921965223	0.8325546111576977	1.0	0.8219862487126226	0.8054166686176616	0.8325546111576977	1.0	0.8325546111576978	0.8193752981642345	0.8294941186567677	0.8325546111576977	0.8139143400764316	0.8325546111576977	0.814304644737536	0.8325546111576978	1.0	0.8166476638840592	0.8325546111576977	0.8128622797631958	0.8175505437720879	0.823004578430878	0.8284823652030957	0.8187954943545641	0.8325546111576977	0.7920498143960029	0.8282020655954725	0.8281301566659066	0.7980635198940633	0.812343645422997	0.8325546111576977	0.8325546111576977	0.8216039042182124	0.8291938744252874	0.8325546111576977	0.8325546111576977	0.8325546111576977	0.804350242641153	0.822684092389536	0.8325546111576977	0.8271213468751327	0.8278836478215856	0.8325546111576978	0.8118037062272672	0.8215526022619395	0.8257315850373853	0.8247953799988295	0.8119795818580525	0.8325546111576978	0.8256466072380458	0.8223211404682592	0.8247606321036517	0.8187775863958849	0.8325546111576977	0.8190714824454638	0.7919852262579276	0.8325546111576977	0.8223292011391473	0.8325546111576977	0.8325546111576977	0.8225563627192407	0.8255468377796435	0.8260278336478206	0.8275081961817153	0.816516601845612	0.8325546111576978	0.7820928538263735	0.8325546111576977	0.8272201901717346
16	0.8325546111576977	0.8325546111576977	0.8142155156789584	0.8299408668354095	0.8280198321429769	0.8158212507812957	0.8325546111576977	0.8073789325585204	0.8325546111576977	0.8062460220939539	0.8325546111576977	0.8247378824619566	0.7531341733236181	0.7973830138448437	0.8219411530668517	0.8094882223838	0.0	0.8138861266865102	0.7996786841348652	0.8224833998651332	0.8151836904754023	0.8198927363386186	0.82731815963898	0.8250845998100212	0.8325546111576977	0.8155564425201067	0.8300633547585917	0.8325546111576977	0.8081646197383852	0.8254198598919452	0.8302801369561001	0.8325546111576977	0.8190833255333658	0.8238133141995645	1.0	0.8264918799454835	0.8193170711374558	0.8192936696535519	1.0	0.8325546111576977	0.7671906097813644	0.8325546111576977	0.8325546111576977	0.8175772621336234	0.8174332038193366	0.8140381150241974	0.8258973593838312	1.0	0.8200087274416756	0.8325546111576977	0.7461242546081933	0.8325546111576977	0.830150787919474	0.8146625136326889	0.7992047415113307	0.8021396981538431	0.8232437695765669	0.8264161709448052	0.826333895766844	0.8123717738090719	0.8325546111576977	0.8226155963085289	0.8281987682127326	0.8268135536349378	0.8325546111576977	0.8275745002513276	0.8262879409775217	0.8181983785620021	0.7978557112571115	0.8166726469305056	0.8155405555592053	0.8279982973270057	0.7956853907804267	0.8221482820587337	0.7329421630497615	0.7930707125517479	0.8158667773284828	0.7895667030657982	0.7990883058392289	0.8226675947222702	0.8325546111576977	0.827599748379922	0.8134733259110262	0.7960773403002436	0.8176609191460817	0.8064274729005011	0.8118189041106104	0.8276031145647013	0.8235761601959212	0.8242476036721298	0.8158659691709776	0.8325546111576977	0.8325546111576977	0.8325546111576977	0.8325546111576977	0.8012303506395183	0.8285678356731716	0.8036270918019212	0.8214845194506425	0.824422108662337
17	0.8287668228315258	0.819192305326693	0.82714823768678	0.8325546111576977	0.8247110227702141	0.8227495871187444	0.8325546111576977	0.8117006932311696	0.8325546111576977	0.79717953306697	0.8250434712561456	0.8140106680916972	0.8131930188340514	0.8180496437053273	0.8095228611560491	0.8119984384659479	0.8138861266865102	0.0	0.8125494902732039	0.80858244387469	0.7957344415839007	0.7965217538307346	0.8185143179732649	0.8325546111576977	0.8325546111576977	0.8093053298188501	0.8273400198676907	0.8325546111576977	0.8266414565955572	0.8277156041073371	0.8302759121637447	0.8266202065534954	0.8325546111576977	0.8014763468560895	1.0	0.8189064474134153	0.7928835281635788	0.8325546111576977	1.0	0.8224084839707343	0.8214052725063559	0.826472791892192	0.8134765735569717	0.7974440686624787	0.8234022543571232	0.8211403924792565	0.8325546111576977	1.0	0.826667964092835	0.8325546111576977	0.7897694362255956	0.8262750996331336	0.8262937191656238	0.7935536917706525	0.7949287578623985	0.8325546111576977	0.8280212565323875	0.8171761293911314	0.8002055906154272	0.7993688575848399	0.8099295584974749	0.7827213767720106	0.8098140896821469	0.7913884881953173	0.8133654783847369	0.8089870219333347	0.7937057837632018	0.7898657495468638	0.7951502152814933	0.8032734295782054	0.8214021624272906	0.7887015363851875	0.8325546111576977	0.7840670181780905	0.817688289529651	0.8097098128415954	0.8032955863965445	0.7979532819645136	0.8222441189117027	0.8071489975826978	0.7992139920913215	0.8180727687300828	0.7868581514053147	0.8026212359834407	0.826150856231297	0.808785179561038	0.7981150807493592	0.7948117589497995	0.803737422814504	0.8047198402860262	0.819933907957377	0.8325546111576977	0.813672259013212	0.8274108100819099	0.816593854159662	0.8091136208303518	0.8267000113923652	0.764907638871597	0.8191919896395842	0.8079084913851468
18	0.8325546111576977	0.8264567218833467	0.8115877841558541	0.8325546111576978	0.814618191962895	0.81719846566225	0.8325546111576977	0.8272751897932549	0.8325546111576977	0.7808091170529528	0.8325546111576977	0.7938236390392078	0.8221164175151586	0.8243365873577707	0.8161530900504846	0.8229349296297425	0.7996786841348652	0.8125494902732039	0.0	0.7918030829595437	0.7686553767858619	0.6983655110119573	0.796553558872866	0.8325546111576977	0.8325546111576977	0.7853121141644899	0.8129091639333434	0.8254416564277006	0.8325546111576977	0.8124694840295551	0.8325546111576977	0.8325546111576977	0.8325546111576977	0.8218776451198334	1.0	0.8136177999084514	0.8152766884190544	0.7757715538239784	1.0	0.8325546111576978	0.8114428662519368	0.8325546111576978	0.8325546111576977	0.7714345498683306	0.8290061113754397	0.8085249020146308	0.8325546111576978	1.0	0.8325546111576977	0.8325546111576977	0.8102417358904913	0.8325546111576977	0.8325546111576977	0.7917103477354464	0.7991170067440687	0.8202162985260589	0.8325546111576977	0.820291702992188	0.8251505414542273	0.7977873900786733	0.8325546111576977	0.809435135811421	0.7928739203869372	0.8162004280777614	0.82609486374887	0.8199411829624431	0.8250916789137045	0.8200015790920564	0.7991170521871139	0.8222427640830857	0.8325546111576977	0.8232191453037442	0.8325546111576977	0.8227034029149277	0.8248856831286249	0.8156595510145033	0.8123082619299535	0.8075908268932398	0.8177924208714293	0.8264568545892396	0.8216948921321104	0.8154320153164235	0.8066098615513065	0.8012029342332174	0.8211708773344056	0.7501463249294443	0.8035095657482297	0.8252203684917176	0.8113622692903462	0.8123042973264738	0.8325546111576977	0.8325546111576977	0.8325546111576977	0.8231734287307734	0.8274153277027828	0.7620077824864054	0.8325546111576978	0.8003545180121838	0.8199944829573965	0.8167283762289164
19	0.8275012154300649	0.8214444712815115	0.8146410529943617	0.829754377146203	0.8300750064259677	0.8325546111576977	0.8325546111576977	0.8246674768110575	0.8325546111576977	0.8136438932920815	0.8280811190479666	0.8209791636768522	0.8325546111576977	0.8263553426467763	0.8193271788734781	0.8192704121453686	0.8224833998651332	0.80858244387469	0.7918030829595437	0.0	0.8268631339505849	0.7959234638845786	0.8276588991650872	0.8289131899340899	0.8325546111576977	0.8161257077814835	0.8266033069477817	0.8325546111576977	0.8325546111576977	0.817956241489044	0.8280898387579096	0.8325546111576977	0.8325546111576977	0.8217901881466316	1.0	0.829048620879234	0.8084978689423381	0.7995748354037653	1.0	0.8325546111576978	0.8279134772034409	0.8257304323676319	0.8294189751077801	0.8210096766119497	0.8284232196412271	0.8091205107994555	0.8325546111576978	1.0	0.8253215169761204	0.8325546111576977	0.8325546111576977	0.8277487706355012	0.8106120288858113	0.8106392636069439	0.8115643437046326	0.81765051854582	0.8277478907189164	0.8240067767313184	0.81166430015689	0.7929584941610519	0.8184242883415848	0.8030984962491378	0.8266225205133786	0.8137093452587417	0.8210974903525977	0.8259819277616303	0.8219946280113796	0.8126778340109189	0.8253095493885404	0.8105787595361026	0.8325546111576977	0.803712476643075	0.8162673621821127	0.8124890281945248	0.8274714647698534	0.8149343735479075	0.8192231006568519	0.7894243176157667	0.8325546111576977	0.8209584109690499	0.8026056821800343	0.8261056212773575	0.8008003938674815	0.7872939106636875	0.8195948214603844	0.8109820733243908	0.8054177176954057	0.8090353144150512	0.8179391497812915	0.8276363137005212	0.8325546111576977	0.8325546111576977	0.8192147630329368	0.8172197514229287	0.8246135296421795	0.815990615148622	0.8325546111576978	0.8091257541558703	0.8216623769360288	0.8325546111576977
20	0.8279552668630473	0.826656183535332	0.798520826678279	0.8325546111576978	0.8258438140733856	0.8151268435295852	0.8325546111576977	0.8219032267190289	0.8325546111576977	0.8159361539891882	0.8254098426559365	0.827507700835794	0.7644950223547017	0.8275399181240001	0.8047303997934939	0.8268676430941538	0.8151836904754023	0.7957344415839007	0.7686553767858619	0.8268631339505849	0.0	0.6626734103871244	0.7874540051880389	0.8325546111576977	0.8325546111576977	0.6680125938304442	0.8164049959436445	0.8325546111576977	0.8250234249508833	0.8267392089194179	0.8214748320268811	0.8096349826970745	0.8325546111576977	0.7493764402882558	1.0	0.7616751381730695	0.7729207282961089	0.8325546111576977	1.0	0.8207726621947845	0.82593647285487	0.8286370991839151	0.8039730815014525	0.7282617944349552	0.8281628163455513	0.8197605640192872	0.8325546111576978	1.0	0.8325546111576977	0.8325546111576977	0.7436471533155711	0.8325546111576977	0.8291531247609355	0.7444458449051627	0.7905216744089268	0.8251930057173578	0.8325546111576977	0.7723854121208472	0.7600971421347987	0.7842333338623543	0.8000325310372217	0.7606451164053689	0.8071183651611061	0.7366658435720579	0.8261312652244894	0.7849879862409144	0.7381740760389436	0.7776732375129747	0.7023507961630344	0.8007040937806921	0.8219075349769578	0.7670908188377764	0.8325546111576977	0.7286555141777914	0.8278118021540092	0.7993625223091616	0.7140708086164758	0.7685722299155096	0.8325546111576977	0.8124393360941681	0.8294816398781273	0.8274461870890554	0.7345442402925713	0.7933842573368542	0.8325546111576977	0.8267640401913511	0.8273282697993962	0.7633727065213674	0.7387306199104884	0.7405826997137365	0.8325546111576977	0.8325546111576977	0.8223100679163361	0.8143365047972648	0.8113468729694284	0.8082765917461087	0.8325546111576978	0.7676367399568925	0.7444275341155414	0.7180668940958294
