	0	1	2	3	4	5	6	7	8	9	10	11	12	13	14	15	16	17	18	19	20	21	22	23	24	25	26	27	28	29	30	31	32	33	34	35	36	37	38	39	40	41	42	43	44	45	46	47	48	49	50	51	52	53	54	55	56	57	58	59	60	61	62	63	64	65	66	67	68	69	70	71	72	73	74	75	76	77	78	79	80	81	82	83	84	85	86	87	88	89	90	91	92	93	94	95	96	97	98	99
0	0.0	1.0	0.825460451175357	0.8325546111576977	0.8325546111576977	0.8325546111576977	0.8238439441307609	1.0	0.8079611668951422	0.8325546111576977	0.8274533465665593	0.8280977914920019	0.8286139275879206	0.8292880314864577	0.8325546111576977	0.8263290043373399	0.8325546111576977	0.822149137272076	0.8325546111576977	0.8325546111576977	0.8325546111576977	1.0	1.0	0.8303443178943511	1.0	0.8325546111576977	0.8325546111576977	0.8294987935987519	0.8296907404310107	0.8267280991908026	0.7766386706773053	0.8008275945525837	0.8325546111576978	0.8278232635099804	0.8325546111576978	0.8174931993697662	0.8222014417216573	0.8325546111576977	0.821949427813008	0.8266189571320546	0.8271755509209329	0.8325546111576977	0.8325546111576978	0.8290671321674691	0.8268858109056579	0.825922295466175	0.8286702209624892	0.8150110187375744	0.8325546111576977	0.8296778110914227	0.8325546111576977	0.8280660927489212	0.8119099675716321	0.8188122392890592	0.8074392341504444	0.8325546111576977	0.7940636455578823	0.746082434812261	0.8115407378995566	0.8325546111576977	0.8325546111576977	0.8325546111576977	0.7712924116651251	0.817387392647875	0.7757469965902231	0.8111943554428032	0.8107804738141853	0.8325546111576978	0.822055551344207	0.8325546111576978	0.8031726388382183	0.8002355468974494	0.7705122826634612	0.8053911872578444	0.8325546111576977	0.8258427880408967	0.8229313900071981	0.8325546111576977	0.8151669812331557	0.796891288190077	0.8282940004725393	0.82093429809092	0.8178784688427632	0.8270161456059354	0.8289877331043437	0.8151299520568631	0.8203914090400979	0.7997606944698176	0.8325546111576977	0.7876227419532583	0.8067932153789165	0.8293137676161509	0.8177467581458954	0.8325546111576978	0.7977752467847697	0.8325546111576977	0.8041519623026155	0.6620117148225273	0.8066883832587946	0.8100455497779809
1	1.0	0.0	0.8325546111576977	0.8231037560366723	0.8290772970747733	0.8181847568670186	0.8325546111576977	1.0	0.8271562622311655	0.784073804248677	0.829861448479267	0.8325546111576977	0.8295445861392343	0.8325546111576977	0.7441265336210101	0.8325546111576977	0.8325546111576977	0.8280003576030781	0.8325546111576977	0.8325546111576977	0.8325546111576977	1.0	1.0	0.8325546111576977	1.0	0.8280188397076865	0.8274865007726145	0.8245136006585166	0.8290397873559351	0.8274929649366912	0.8325546111576977	0.8215980485029596	0.829332261276214	0.8157910005625331	0.8325546111576977	0.8325546111576977	0.8263652125885321	0.8325546111576977	0.8325546111576977	0.8325546111576977	0.8293949182906731	0.8325546111576977	0.8325546111576977	0.8281389114456158	0.8325546111576977	0.8325546111576977	0.82778546818812	0.8197263068170574	0.8285402307216329	0.8325546111576977	0.8325546111576977	0.8325546111576977	0.8286933871647805	0.8325546111576977	0.8247843766379565	0.8325546111576977	0.8286836380759668	0.8291468603687251	0.8325546111576977	0.8325546111576977	0.8271659506471113	0.8325546111576977	0.8325546111576977	0.8325546111576977	0.8325546111576977	0.8325546111576977	0.8232519280930458	0.8325546111576977	0.8189724745551217	0.8023716294774992	0.8325546111576977	0.8325546111576977	0.8325546111576977	0.8325546111576977	0.818062751673831	0.8284259079189497	0.8325546111576977	0.818585468789659	0.8325546111576977	0.8285112207321029	0.8279807792095943	0.812868930510954	0.8284320864592126	0.8325546111576977	0.8185700109709824	0.8325546111576977	0.8325546111576977	0.8325546111576977	0.8175202548710138	0.8325546111576977	0.8274169916551509	0.8289775425865366	0.8325546111576977	0.8325546111576977	0.8262207082720511	0.8325546111576977	0.8285315529941678	0.8255394002089518	0.8280444948312145	0.8282907871372633
2	0.825460451175357	0.8325546111576977	0.0	0.8013171667789478	0.828600174818614	0.8161040571634202	0.8211220258062758	1.0	0.8261697022466079	0.8290591335402493	0.816413955552509	0.46351753751888974	0.8325546111576977	0.8266597701684151	0.8209947235395544	0.8325546111576977	0.8325546111576977	0.8325546111576977	0.8292972783456763	0.8287171825033802	0.8086698904799579	1.0	1.0	0.8284291506655288	1.0	0.7905830289684791	0.8039678335040548	0.8158131923430838	0.8325546111576977	0.8253725938941695	0.8325546111576977	0.8171809746384754	0.8325546111576977	0.8325546111576977	0.8325546111576977	0.8325546111576977	0.8325546111576977	0.7650010730200413	0.8273654373053201	0.8278017086369912	0.8107488272079372	0.7712322430182944	0.8238282540248285	0.8269807155749259	0.8151821270679356	0.8163518384630387	0.8148038287780828	0.8232169775196385	0.8325546111576977	0.8325546111576977	0.8325546111576977	0.8155073826613791	0.81573266033725	0.8325546111576977	0.8208351136758268	0.8231474402522313	0.8325546111576977	0.8278307651694929	0.8283843818867206	0.8203292651989225	0.8325546111576977	0.8179276469000365	0.8325546111576977	0.8203134807873204	0.8325546111576977	0.8274878827695378	0.8057239305722758	0.8196732262507649	0.7730274780310413	0.8266275465233635	0.7918979479792162	0.8280053633469762	0.828383942995848	0.8325546111576977	0.8218766116975083	0.8002239147403293	0.8188282961704354	0.8325546111576977	0.8162535882492108	0.8325546111576977	0.821113464846786	0.7619321952188783	0.8227767018293082	0.8325546111576977	0.8069861104077256	0.8260185655564428	0.8265734789039851	0.8325546111576977	0.8325546111576977	0.823118324792449	0.8197283655312784	0.8237338561310622	0.8230475650370505	0.8325546111576977	0.8230265788131559	0.7785656281419636	0.8325546111576977	0.829368940138564	0.7080526707426896	0.8223800642192017
3	0.8325546111576977	0.8231037560366723	0.8013171667789478	0.0	1.0	1.0	1.0	1.0	1.0	1.0	1.0	1.0	1.0	1.0	1.0	1.0	1.0	1.0	1.0	1.0	1.0	1.0	1.0	1.0	1.0	1.0	1.0	1.0	1.0	1.0	1.0	1.0	1.0	1.0	1.0	1.0	1.0	1.0	1.0	1.0	1.0	1.0	1.0	1.0	1.0	1.0	1.0	1.0	1.0	1.0	1.0	1.0	1.0	1.0	1.0	1.0	1.0	1.0	1.0	1.0	1.0	1.0	1.0	1.0	1.0	1.0	1.0	1.0	1.0	1.0	1.0	1.0	1.0	1.0	1.0	1.0	1.0	1.0	1.0	1.0	1.0	1.0	1.0	1.0	1.0	1.0	1.0	1.0	1.0	1.0	1.0	1.0	1.0	1.0	1.0	1.0	1.0	1.0	1.0	1.0
4	0.8325546111576977	0.8290772970747733	0.828600174818614	1.0	0.0	0.8282288116022871	0.8325546111576977	1.0	0.8325546111576977	0.8305889714031536	0.8246810344893043	0.8294754554863469	0.8195182829967346	0.6225296481938895	0.827221332906122	0.8275186447926787	0.8325546111576977	0.8159896100895351	0.8228924926143485	0.8325546111576977	0.8280938424919785	1.0	1.0	0.82764482350385	1.0	0.8260985200619732	0.8260380743726518	0.8213473463384037	0.8325546111576977	0.8325546111576978	0.8325546111576978	0.816905536106978	0.8254321392781627	0.830309494587851	0.8302127934060312	0.8325546111576977	0.8290245936282412	0.8263279743123564	0.8100431190015763	0.8298294659875041	0.821274058920928	0.8270838287944905	0.8325546111576978	0.8299982514533878	0.8246877886275308	0.8139174371442617	0.8304366397691041	0.8325546111576977	0.8325546111576977	0.8275633371456586	0.8306054984076415	0.830023928425495	0.8325546111576977	0.8325546111576977	0.830123327978225	0.7976063209285176	0.8325546111576977	0.8325546111576978	0.8300419283319104	0.821775352369795	0.8325546111576977	0.8298958429965188	0.8325546111576977	0.8325546111576977	0.8303161441949866	0.8201463501261169	0.8325546111576977	0.8294973957019631	0.8236258843160331	0.8325546111576978	0.8325546111576977	0.8289530714822595	0.8303757573794603	0.8295920038841635	0.8325546111576977	0.8325546111576978	0.8234212965015741	0.8232160524145349	0.8325546111576977	0.8247586598078399	0.8299217380059988	0.8231635916309719	0.8263487930545118	0.8325546111576977	0.8325546111576978	0.8296914935411464	0.8279465310273405	0.8325546111576978	0.8221831739691161	0.821557283598798	0.8325546111576977	0.8278915844633672	0.8325546111576977	0.8273979979585321	0.8227750873972154	0.8171009815321058	0.8246662142770715	0.8283871162228451	0.8304025166234934	0.8325546111576978
5	0.8325546111576977	0.8181847568670186	0.8161040571634202	1.0	0.8282288116022871	0.0	0.8325546111576977	1.0	0.8271174912746211	0.8325546111576977	0.5941168725494681	0.8175661190263872	0.8325546111576977	0.8285834464384063	0.5978369447680292	0.8194011985655162	0.83033418412473	0.827526388396424	0.8325546111576977	0.8325546111576977	0.8325546111576977	1.0	1.0	0.8325546111576977	1.0	0.8250359800656873	0.8325546111576977	0.8287271297057298	0.8325546111576977	0.8325546111576978	0.8325546111576978	0.8142471848634197	0.8325546111576978	0.8325546111576977	0.8325546111576978	0.8325546111576977	0.8325546111576977	0.8200667996392803	0.8325546111576978	0.8325546111576977	0.8202829313104345	0.827267947051686	0.8325546111576978	0.8210367862381172	0.8225142241284015	0.8325546111576977	0.8287901900647361	0.8109427706907917	0.8325546111576977	0.8137897026055232	0.8325546111576977	0.826084525268596	0.8237565909938127	0.8325546111576977	0.8192057979429109	0.8292354172644976	0.8124808933908155	0.8325546111576978	0.8289557021056232	0.8117165149302092	0.824595715296482	0.8325546111576977	0.8263924014506583	0.8325546111576977	0.8325546111576978	0.8194901885697197	0.826902816656026	0.821234580575438	0.8225455769639253	0.8242781765367391	0.8169663649935478	0.8325546111576978	0.8286501310693574	0.8179538932800186	0.8239341011101644	0.8325546111576978	0.8200042693213545	0.8241809436423844	0.8225442997673476	0.8325546111576977	0.8325546111576977	0.7957276097234872	0.8325546111576978	0.8325546111576977	0.8250335507061106	0.8269774419884282	0.8236072341655417	0.8325546111576978	0.8171500283441394	0.818305473751398	0.8153964711898045	0.8223524619876748	0.8325546111576977	0.8325546111576978	0.8325546111576977	0.8136184980135066	0.816377783318003	0.8239981498170481	0.805827670958368	0.8325546111576978
6	0.8238439441307609	0.8325546111576977	0.8211220258062758	1.0	0.8325546111576977	0.8325546111576977	0.0	1.0	0.8268474484259921	0.8325546111576978	0.8159124703973633	0.8256521677363048	0.8287377468513577	0.8271314698206872	0.8218633664716235	0.47963019102818427	0.8325546111576978	0.8303323226176641	0.8325546111576977	0.8325546111576977	0.8325546111576978	1.0	1.0	0.8273000806305758	1.0	0.8038818842754486	0.8238402966364531	0.8325546111576978	0.8271510547499807	0.8325546111576978	0.8280849621033366	0.8195411182010908	0.816873526561737	0.8325546111576978	0.8092934656749572	0.8325546111576978	0.8256141943182429	0.7974774044413593	0.8281677571865114	0.8218000904477342	0.7914660789821465	0.802946480953912	0.7526797609197388	0.8198050062548374	0.8205749600767756	0.8214664492562322	0.8325546111576977	0.8255144951927919	0.8217803423065483	0.8325546111576978	0.8213351770954644	0.825438712896318	0.8325546111576978	0.8195185537483386	0.8065930983946816	0.8325546111576978	0.8267233927910118	0.8325546111576978	0.8226679333777546	0.8103803692701678	0.8090302977025333	0.8226863718576855	0.8325546111576978	0.8276948408992945	0.8325546111576978	0.8112873294597805	0.7928240349628409	0.8045201439680486	0.7695352088332018	0.8167911233508021	0.8325546111576978	0.8325546111576978	0.8272355441107873	0.8234250219231759	0.8275471874696935	0.7870100250082478	0.8156758351578	0.8064642609427158	0.8148278713112949	0.8325546111576977	0.8142042823935322	0.7822511386605479	0.8078315096476554	0.8325546111576978	0.8245685620495931	0.8325546111576978	0.8072415331503761	0.8266842165496197	0.7907376896887264	0.8325546111576978	0.8266699965862265	0.8017981037723422	0.8325546111576978	0.8296495629372407	0.8244844831332884	0.8238416112792506	0.8325546111576978	0.8158918656542432	0.8123820888002103	0.8276451490273006
7	1.0	1.0	1.0	1.0	1.0	1.0	1.0	0.0	0.8291860931496546	0.8325546111576977	0.8325546111576978	0.8325546111576977	0.8267306102718894	0.8325546111576977	0.8108150494693176	0.8325546111576977	0.7830527898639746	0.8303224203556133	0.8325546111576977	0.8325546111576977	0.8325546111576977	1.0	1.0	0.8305724650885387	1.0	0.8325546111576977	0.8019013629769772	0.8070697874536408	0.8273070922211069	0.8269761726955817	0.8325546111576978	0.8289378413650464	0.8222659963771407	0.8325546111576977	0.8325546111576978	0.8325546111576977	0.8325546111576977	0.8127372037233793	0.8264616836266311	0.8325546111576977	0.8325546111576977	0.8208370447271126	0.8251807673525886	0.8325546111576978	0.8325546111576977	0.8325546111576977	0.8237426805580195	0.8325546111576977	0.8325546111576977	0.8259159363420787	0.8280792251893371	0.8325546111576977	0.8325546111576977	0.8325546111576977	0.8196311969149227	0.8325546111576977	0.8270598733550448	0.8325546111576978	0.8325546111576977	0.7986347232444254	0.8276765461157521	0.8325546111576977	0.8231452041168147	0.8325546111576977	0.8325546111576978	0.7762585720001293	0.8223883027319733	0.8262216783920976	0.8325546111576977	0.8257672153015078	0.8325546111576977	0.7194476025627994	0.8325546111576977	0.8325546111576977	0.8283897198732398	0.8325546111576978	0.8278710509273066	0.8325546111576977	0.8325546111576977	0.8271502138785956	0.8325546111576977	0.8183883254460035	0.8325546111576978	0.8325546111576977	0.827619529586366	0.8265601288958588	0.8132535019267424	0.8325546111576978	0.8325546111576977	0.8325546111576977	0.8325546111576977	0.8325546111576977	0.8325546111576977	0.8282954962389093	0.8325546111576977	0.8325546111576977	0.8325546111576977	0.8325546111576977	0.8278145259705217	0.8325546111576978
8	0.8079611668951422	0.8271562622311655	0.8261697022466079	1.0	0.8325546111576977	0.8271174912746211	0.8268474484259921	0.8291860931496546	0.0	0.6255091576351398	0.8325546111576978	0.8325546111576977	0.8233626854393501	0.8325546111576977	0.8293822840995208	0.8325546111576977	0.8277481406212289	0.8325546111576978	0.8284664932618048	0.8325546111576977	0.8325546111576977	1.0	1.0	0.8325546111576977	1.0	0.8325546111576977	0.8325546111576977	0.8325546111576977	0.8325546111576977	0.8325546111576978	0.8325546111576978	0.8300986479600366	0.8325546111576978	0.8325546111576977	0.8222291015686531	0.8325546111576977	0.8325546111576977	0.8325546111576977	0.8325546111576978	0.8325546111576977	0.8325546111576977	0.8325546111576977	0.8325546111576978	0.8325546111576978	0.8325546111576977	0.8288218878139559	0.8007490435909242	0.8325546111576977	0.8325546111576977	0.8325546111576977	0.82666570835218	0.8325546111576977	0.8287662643723552	0.8272895023329198	0.8325546111576978	0.8129593083136876	0.8325546111576977	0.8325546111576978	0.7829493125027449	0.8325546111576977	0.8325546111576977	0.8325546111576977	0.8325546111576977	0.827543808230918	0.8190044240101502	0.8201649811564766	0.8325546111576977	0.8225620946576112	0.8325546111576977	0.8325546111576978	0.8290035243797629	0.8325546111576978	0.8325546111576977	0.8285615205141813	0.8325546111576977	0.8325546111576978	0.8229397820907838	0.8325546111576977	0.8149006947059294	0.8325546111576977	0.8325546111576977	0.8325546111576977	0.8211003166502913	0.8325546111576977	0.8325546111576978	0.8266790077990952	0.8286446945185826	0.8249370145352607	0.8276791760317761	0.8325546111576977	0.8325546111576977	0.8325546111576977	0.810820132701181	0.8237105330352478	0.8294490729887427	0.8325546111576977	0.8325546111576977	0.8325546111576977	0.8325546111576978	0.8325546111576978
9	0.8325546111576977	0.784073804248677	0.8290591335402493	1.0	0.8305889714031536	0.8325546111576977	0.8325546111576978	0.8325546111576977	0.6255091576351398	0.0	1.0	1.0	1.0	1.0	1.0	1.0	1.0	1.0	1.0	1.0	1.0	1.0	1.0	1.0	1.0	1.0	1.0	1.0	1.0	1.0	1.0	1.0	1.0	1.0	1.0	1.0	1.0	1.0	1.0	1.0	1.0	1.0	1.0	1.0	1.0	1.0	1.0	1.0	1.0	1.0	1.0	1.0	1.0	1.0	1.0	1.0	1.0	1.0	1.0	1.0	1.0	1.0	1.0	1.0	1.0	1.0	1.0	1.0	1.0	1.0	1.0	1.0	1.0	1.0	1.0	1.0	1.0	1.0	1.0	1.0	1.0	1.0	1.0	1.0	1.0	1.0	1.0	1.0	1.0	1.0	1.0	1.0	1.0	1.0	1.0	1.0	1.0	1.0	1.0	1.0
10	0.8274533465665593	0.829861448479267	0.816413955552509	1.0	0.8246810344893043	0.5941168725494681	0.8159124703973633	0.8325546111576978	0.8325546111576978	1.0	0.0	0.8325546111576977	0.8325546111576977	0.8325546111576977	0.8325546111576977	0.8325546111576977	0.8325546111576977	0.817912458331879	0.8272346585751348	0.8325546111576977	0.8325546111576977	1.0	1.0	0.8325546111576977	1.0	0.8325546111576977	0.8325546111576977	0.8325546111576977	0.8263588140198602	0.8325546111576977	0.820771351500746	0.8208615040330111	0.8325546111576977	0.825609421669628	0.8325546111576977	0.8325546111576977	0.8325546111576977	0.8226560088144259	0.8325546111576977	0.8274416721243285	0.8325546111576977	0.8260214393751734	0.818653611010172	0.8325546111576977	0.8325546111576977	0.8325546111576977	0.8251153993455561	0.8325546111576977	0.814973522017726	0.8200362180173922	0.8288708295136515	0.8276264319579195	0.8325546111576977	0.8325546111576977	0.8325546111576978	0.8325546111576977	0.8325546111576977	0.8325546111576977	0.8325546111576977	0.8108700283889229	0.8226394949246226	0.8325546111576977	0.8325546111576977	0.8276988320720788	0.8325546111576977	0.8325546111576977	0.8248336450689486	0.8325546111576977	0.8325546111576977	0.8067448899274559	0.8325546111576977	0.8325546111576977	0.8325546111576977	0.8211957460643298	0.7579128775572987	0.8115208215106512	0.8325546111576977	0.8028975663015986	0.8325546111576977	0.8325546111576977	0.8325546111576977	0.8325546111576977	0.8325546111576977	0.8225191963192928	0.8263009185498401	0.8198773248378377	0.8325546111576977	0.8325546111576977	0.8221158276696678	0.8236342404066972	0.8172129995632961	0.82806673081341	0.8325546111576977	0.8325546111576977	0.8325546111576977	0.8325546111576977	0.8196927626546001	0.8325546111576977	0.8325546111576977	0.8325546111576977
11	0.8280977914920019	0.8325546111576977	0.46351753751888974	1.0	0.8294754554863469	0.8175661190263872	0.8256521677363048	0.8325546111576977	0.8325546111576977	1.0	0.8325546111576977	0.0	0.828922236982278	0.8325546111576977	0.8238377747076898	0.8154618257874825	0.8325546111576977	0.8269591755464055	0.8261989245407751	0.8237409776516793	0.8325546111576977	1.0	1.0	0.8206379359744355	1.0	0.8128035673615925	0.8205022638543356	0.8250185183935032	0.8235138365537314	0.8234161207662706	0.8325546111576978	0.8247998996044961	0.8265446843220943	0.8325546111576977	0.8325546111576978	0.8296354758312	0.8286655140729021	0.8119076886866113	0.8325546111576978	0.8253726929958063	0.8200110464284396	0.8208319296098607	0.8325546111576978	0.8257254730959206	0.8250043647799391	0.8202516166955244	0.8191095056102417	0.8142548959523498	0.8160511137999622	0.8325546111576977	0.8285187359210529	0.8259941798285256	0.8286767138199232	0.8325546111576977	0.8106348373386502	0.8295125237332521	0.8325546111576977	0.8261198788224634	0.8127547559434775	0.8242860710140232	0.811757497830242	0.8325546111576977	0.8232467630839735	0.8245703879894017	0.8239297120810035	0.8245754280616409	0.8131770667116632	0.8066643660501894	0.7984275529197863	0.825387105482572	0.8243294166363203	0.8325546111576978	0.8325546111576977	0.823848896794521	0.8249091940901528	0.7826654403960607	0.819263873898465	0.8255839862703879	0.8224798089563744	0.818670553980353	0.8291939773951114	0.7998589172177811	0.8202552287499567	0.8196081629565851	0.8134400645200573	0.8325546111576977	0.8268658920648103	0.8164344047045446	0.8130066055091739	0.818537187323188	0.8325546111576977	0.8144527500661494	0.8293483154263455	0.8306802197575244	0.8197121395914381	0.8240619217126189	0.8166519420263736	0.827470257347085	0.8096000237186364	0.8253995849753027
12	0.8286139275879206	0.8295445861392343	0.8325546111576977	1.0	0.8195182829967346	0.8325546111576977	0.8287377468513577	0.8267306102718894	0.8233626854393501	1.0	0.8325546111576977	0.828922236982278	0.0	0.8325546111576978	0.8325546111576978	0.8325546111576978	0.8325546111576978	0.8288165244499548	0.8325546111576977	0.8325546111576977	0.8325546111576978	1.0	1.0	0.8325546111576977	1.0	0.8194593350855623	0.8294456879838362	0.39986819954936775	0.8325546111576978	0.8251673694586193	0.8325546111576978	0.8262807903581703	0.8325546111576978	0.8325546111576978	0.8105417128899376	0.8325546111576978	0.8325546111576978	0.8325546111576978	0.8240919754988557	0.8325546111576978	0.8266289328294547	0.8236074177250513	0.7733372292514304	0.819998954279098	0.8325546111576978	0.7607497423474724	0.8325546111576977	0.8325546111576978	0.8325546111576978	0.8325546111576978	0.8325546111576978	0.8325546111576978	0.8223316836073314	0.8325546111576977	0.7888171625692129	0.8325546111576978	0.8325546111576978	0.8325546111576978	0.828405829527919	0.8325546111576978	0.8325546111576978	0.8325546111576977	0.8325546111576978	0.8276355712531591	0.8325546111576978	0.8325546111576978	0.8047736089315302	0.8325546111576978	0.8325546111576978	0.8229977412337378	0.8252136893806153	0.8133497974566393	0.8325546111576978	0.8325546111576978	0.8182062316450827	0.8325546111576978	0.8280507082828793	0.8325546111576978	0.8277334854342018	0.8325546111576977	0.8325546111576978	0.8104953746259141	0.8270687755075568	0.8213117447428396	0.8071900687779436	0.8325546111576978	0.8140385051178541	0.8325546111576978	0.8131097980826371	0.8325546111576978	0.8165613519625556	0.8230183040002836	0.8183922929130201	0.8325546111576978	0.804609887025456	0.8276727744138482	0.8216773478214892	0.8325546111576978	0.8119344115125954	0.8325546111576978
13	0.8292880314864577	0.8325546111576977	0.8266597701684151	1.0	0.6225296481938895	0.8285834464384063	0.8271314698206872	0.8325546111576977	0.8325546111576977	1.0	0.8325546111576977	0.8325546111576977	0.8325546111576978	0.0	0.8325546111576977	0.8196655330525143	0.8325546111576977	0.8249421736320308	0.8325546111576977	0.8325546111576977	0.8325546111576977	1.0	1.0	0.4098373807008147	1.0	0.8325546111576977	0.829067834997087	0.8325546111576977	0.8325546111576977	0.8292803167806905	0.8325546111576978	0.8325546111576977	0.8275137306075104	0.8267388810513585	0.8325546111576978	0.8300905426951818	0.8325546111576977	0.823749738245674	0.8325546111576978	0.8325546111576977	0.8263966043164326	0.8283492154745894	0.8251476120017415	0.8325546111576978	0.831058007258353	0.8325546111576977	0.8325546111576977	0.8325546111576977	0.8220571855791845	0.8325546111576977	0.8293470113763298	0.8325546111576977	0.8267348604157058	0.8283350584881687	0.8258248076600666	0.8325546111576977	0.8325546111576977	0.8273925324847157	0.8325546111576977	0.8325546111576977	0.8293321243455127	0.8325546111576977	0.8300574250956013	0.8325546111576977	0.8325546111576978	0.8325546111576978	0.8300924476704644	0.8325546111576978	0.8273221212089543	0.8257217274808561	0.8325546111576977	0.8325546111576978	0.8303872133960422	0.8325546111576977	0.8325546111576977	0.8165032197894837	0.8213312835154588	0.827436465883685	0.8325546111576977	0.8290838528628557	0.8314473213805661	0.8279477035537814	0.8325546111576978	0.8181941448372447	0.8325546111576978	0.8325546111576977	0.8253745433220493	0.8301338923268224	0.8325546111576977	0.8258782432872653	0.8325546111576977	0.8325546111576977	0.8325546111576977	0.8302307038959625	0.8285404486953862	0.825890441272115	0.8252635429042582	0.8325546111576977	0.8278029788767204	0.8325546111576978
14	0.8325546111576977	0.7441265336210101	0.8209947235395544	1.0	0.827221332906122	0.5978369447680292	0.8218633664716235	0.8108150494693176	0.8293822840995208	1.0	0.8325546111576977	0.8238377747076898	0.8325546111576978	0.8325546111576977	0.0	0.7951366855564999	0.8325546111576977	0.8164916294867244	0.8261687842488986	0.8153651365086858	0.8239488303097221	1.0	1.0	0.8283427518393093	1.0	0.7725481282187683	0.8325546111576977	0.8260042171610796	0.8325546111576977	0.8325546111576978	0.8325546111576978	0.8005076315770714	0.8211545511390428	0.8325546111576977	0.8187006718008196	0.8325546111576977	0.8261123336835159	0.8081008264675006	0.823689263791514	0.81431041091705	0.22986306657179448	0.8024687362080154	0.8240635105730358	0.8253091257796361	0.8272388293183244	0.8266601431370818	0.8325546111576977	0.8325546111576977	0.8191162017852343	0.8325546111576977	0.8277914731226097	0.8325546111576977	0.791171925130346	0.8325546111576977	0.7965055420303602	0.8325546111576977	0.8269851006700935	0.8325546111576978	0.7958672785363726	0.8284645459854134	0.8261751173713289	0.8290591681153446	0.8226584615611988	0.8226130924412702	0.8256059791338919	0.8190693401331771	0.8083576868682263	0.8129969072917613	0.8119304761704549	0.8267604855448873	0.8325546111576977	0.8325546111576978	0.8240128958611482	0.8325546111576977	0.8283212780622755	0.8050040473650785	0.8206419760299183	0.8241580627314973	0.801641864522911	0.8325546111576977	0.8150760102000425	0.7937248092386614	0.7965320159861756	0.8325546111576977	0.8269478610791376	0.8325546111576977	0.8251115851202777	0.8282589917816477	0.8267862708265247	0.8231430270817414	0.8325546111576977	0.819450394104254	0.8141219258465235	0.8289565103363833	0.826324918608998	0.8258806907630161	0.8325546111576977	0.8148726558346527	0.7794609112021649	0.8172870108385218
15	0.8263290043373399	0.8325546111576977	0.8325546111576977	1.0	0.8275186447926787	0.8194011985655162	0.47963019102818427	0.8325546111576977	0.8325546111576977	1.0	0.8325546111576977	0.8154618257874825	0.8325546111576978	0.8196655330525143	0.7951366855564999	0.0	0.8248356346647462	0.8276590722701744	0.8325546111576977	0.8325546111576977	0.8325546111576977	1.0	1.0	0.8325546111576977	1.0	0.8188619149923982	0.8325546111576977	0.5505775506110739	0.8070457224992278	0.8245747192965324	0.8325546111576978	0.823031858702172	0.8325546111576978	0.8325546111576977	0.8277378359038087	0.8325546111576977	0.8325546111576977	0.8101324260322645	0.818174796400057	0.8273221914909679	0.8203268684633234	0.7801780129484784	0.7658500142106961	0.8220571290434383	0.8325546111576977	0.7515376864168589	0.8325546111576977	0.8325546111576977	0.8325546111576977	0.8325546111576977	0.8325546111576977	0.8325546111576977	0.8277211172548223	0.8325546111576977	0.8096099079833609	0.8325546111576977	0.8325546111576977	0.8325546111576978	0.8325546111576977	0.8287646421444461	0.8325546111576977	0.8283504934797482	0.8325546111576977	0.8278936270941534	0.8325546111576978	0.8218515767630395	0.8110134616534924	0.8325546111576978	0.8281960074123023	0.8248949607245367	0.8325546111576977	0.813521971679953	0.8246315003991901	0.8325546111576977	0.8263944892291907	0.8283041083633985	0.8265465471996931	0.8325546111576977	0.8248554362276597	0.8325546111576977	0.8256641953316988	0.818673498324333	0.8240575114054364	0.8257376173138834	0.8253475227060526	0.8325546111576977	0.8185779935180961	0.8325546111576978	0.8249843999198926	0.8325546111576977	0.825916072453348	0.829307734979875	0.8325546111576977	0.8325546111576978	0.8241648083668013	0.8325546111576977	0.8274966186855027	0.8325546111576977	0.8154486570301119	0.8289318670783516
16	0.8325546111576977	0.8325546111576977	0.8325546111576977	1.0	0.8325546111576977	0.83033418412473	0.8325546111576978	0.7830527898639746	0.8277481406212289	1.0	0.8325546111576977	0.8325546111576977	0.8325546111576978	0.8325546111576977	0.8325546111576977	0.8248356346647462	0.0	0.8225766948273796	0.8325546111576977	0.7942843355265672	0.8325546111576977	1.0	1.0	0.827862789560079	1.0	0.8260544725385685	0.8325546111576977	0.8162520118780708	0.8261187491470716	0.8325546111576978	0.8325546111576978	0.8152082680502664	0.81892978589355	0.8252077482129546	0.8325546111576978	0.8325546111576977	0.8325546111576977	0.7864747659008915	0.8274400147866181	0.8325546111576977	0.819079721418945	0.795019750529242	0.8325546111576978	0.8226676842599709	0.8199670481544121	0.8273539037594269	0.8325546111576977	0.8325546111576977	0.8010506611881457	0.8214569682138968	0.8325546111576977	0.786857436441711	0.8325546111576977	0.8325546111576977	0.7951074783108845	0.8268022653851932	0.8232482466964699	0.8325546111576978	0.8197088192229905	0.8171448421809019	0.8097438755433574	0.8099626726774074	0.8275471528548192	0.7911150481399468	0.8325546111576978	0.8185959377981635	0.8058217194094865	0.8010050636666409	0.8087104756601123	0.8128778593330418	0.8325546111576977	0.8273113935706015	0.8155645543178025	0.8246363228750735	0.8270663120657323	0.77342452493375	0.8325546111576977	0.8144559970407333	0.8168331092291793	0.8325546111576977	0.8191099174142966	0.8130449738101868	0.8224208671365134	0.3819079729109668	0.8173350260329472	0.8179259456460095	0.8325546111576977	0.827402128759498	0.8197949627941424	0.8211542086738522	0.8239825266966139	0.8274999866585105	0.8325546111576977	0.8286288819579695	0.8212526562391383	0.8325546111576977	0.8056087613762376	0.8290003792390639	0.8162580485946536	0.8240337098053236
17	0.822149137272076	0.8280003576030781	0.8325546111576977	1.0	0.8159896100895351	0.827526388396424	0.8303323226176641	0.8303224203556133	0.8325546111576978	1.0	0.817912458331879	0.8269591755464055	0.8288165244499548	0.8249421736320308	0.8164916294867244	0.8276590722701744	0.8225766948273796	0.0	0.8325546111576977	0.8325546111576977	0.8209919474454961	1.0	1.0	0.8208283019219057	1.0	0.8225453039120537	0.5659285717701141	0.8175124599611866	0.8261576709315642	0.8325546111576977	0.8253766035939276	0.8325546111576977	0.8275685973066621	0.8325546111576977	0.8325546111576977	0.825718676442246	0.8253722707357504	0.7980580022636472	0.8290119336634142	0.8260231240369832	0.8325546111576977	0.7980847275740598	0.8243924890888014	0.8269186767404482	0.8211917493406798	0.8244943548098648	0.8242434035964075	0.8281717221876613	0.8269116914581954	0.8325546111576977	0.8325546111576977	0.827271125022711	0.8252533394086946	0.8325546111576977	0.8171898771794097	0.8325546111576977	0.8230059351081904	0.8325546111576977	0.8325546111576977	0.8198115428830232	0.8325546111576977	0.8256640133449549	0.8270359612826197	0.8271597815510325	0.8325546111576977	0.8325546111576977	0.8325546111576977	0.8282916510093323	0.7308315467679634	0.8242295760173739	0.814109658941604	0.8074790215413336	0.8325546111576977	0.8239300088310912	0.8256970311778604	0.7965862215261186	0.8111572192377605	0.8277749535946783	0.8083705513537363	0.8325546111576977	0.82062124435771	0.7935153707389168	0.8233573203214957	0.8272456578901972	0.8126356685815621	0.8325546111576977	0.8325546111576977	0.8325546111576977	0.8230886540475045	0.8325546111576977	0.8145051661015721	0.8045685202648822	0.8177310113459634	0.8224030206693992	0.8236657745851549	0.8325546111576977	0.8325546111576977	0.8249281359500744	0.8325546111576977	0.8284273062328457
18	0.8325546111576977	0.8325546111576977	0.8292972783456763	1.0	0.8228924926143485	0.8325546111576977	0.8325546111576977	0.8325546111576977	0.8284664932618048	1.0	0.8272346585751348	0.8261989245407751	0.8325546111576977	0.8325546111576977	0.8261687842488986	0.8325546111576977	0.8325546111576977	0.8325546111576977	0.0	0.8325546111576977	0.8175901445201589	1.0	1.0	0.8325546111576977	1.0	0.8271606993632122	0.8325546111576977	0.6919823117831637	0.8325546111576977	0.8191946374695528	0.8262899351846239	0.8325546111576977	0.8325546111576978	0.8325546111576977	0.8252613240017836	0.8325546111576977	0.8325546111576977	0.822597331030964	0.8325546111576978	0.8273818426650847	0.8229063681244704	0.8145136656914105	0.3891706797573078	0.8147637581108779	0.8325546111576977	0.6613417620590768	0.828828978562344	0.8236755560192744	0.8122309430791347	0.8270695195030543	0.8325546111576977	0.8219133401149414	0.8226749363511477	0.8325546111576977	0.8164968840105733	0.8325546111576977	0.8239980028968122	0.8280362023025806	0.8325546111576977	0.8206559754879986	0.8158314195335683	0.8207142024487113	0.8325546111576977	0.8325546111576977	0.8325546111576978	0.8256317874804661	0.7995621983290662	0.8261256882939814	0.8325546111576977	0.8193216901396625	0.8272382917356741	0.8246269933648116	0.8325546111576977	0.8178917012635816	0.817645841291816	0.8271048944701694	0.8258277447871154	0.8164775918530084	0.8325546111576977	0.8325546111576977	0.8325546111576977	0.7989085549385537	0.8325546111576978	0.8195417414036802	0.8140171207107235	0.8325546111576977	0.8265648224201838	0.8325546111576978	0.8255469604169103	0.8325546111576977	0.8263836795494005	0.8227817364243942	0.8248635068709994	0.8325546111576978	0.8170345634583638	0.8325546111576977	0.8278144320938564	0.8291439081798716	0.8271936000501116	0.8325546111576978
19	0.8325546111576977	0.8325546111576977	0.8287171825033802	1.0	0.8325546111576977	0.8325546111576977	0.8325546111576977	0.8325546111576977	0.8325546111576977	1.0	0.8325546111576977	0.8237409776516793	0.8325546111576977	0.8325546111576977	0.8153651365086858	0.8325546111576977	0.7942843355265672	0.8325546111576977	0.8325546111576977	0.0	0.8325546111576977	1.0	1.0	0.8325546111576977	1.0	0.8325546111576977	0.8227093663739685	0.8325546111576977	0.6763510231600277	0.8280484727417259	0.3774404830575048	0.8325546111576977	0.828282920742395	0.8325546111576977	0.8325546111576978	0.8058328853483616	0.8325546111576977	0.8236384491975451	0.8279799905499232	0.8325546111576977	0.8325546111576977	0.8325546111576977	0.827405248892867	0.8231202748709046	0.8325546111576977	0.8325546111576977	0.8028305775053021	0.7924508987655412	0.8260902636731196	0.8289211623939332	0.8259465486657284	0.819593946068565	0.8325546111576977	0.8134996303910713	0.8290230940707294	0.8325546111576977	0.7648368445763404	0.7016209101037958	0.808925301871112	0.8269970661616098	0.8225609915302435	0.8248692190413521	0.7322837989967733	0.8144734417971391	0.7351689646014166	0.8074682773337688	0.8065033240309608	0.8285171251894381	0.8148528224896371	0.8248496582552203	0.7857003327257641	0.7932596206544108	0.7730508569730029	0.7380600817633636	0.8325546111576977	0.8325546111576978	0.8020156220789283	0.8196009948972146	0.8142170275167424	0.7816259241190856	0.8302843382668156	0.8325546111576977	0.8174397122999937	0.8325546111576977	0.8265195742969245	0.8075139663829468	0.8249209299553754	0.7813071026496127	0.8325546111576977	0.7660916991386091	0.7978502900068702	0.8325546111576977	0.8114024759575273	0.8325546111576978	0.7807626921401121	0.8280273090425548	0.7964558093457479	0.7933617828646661	0.7968040447908264	0.7939525095507209
20	0.8325546111576977	0.8325546111576977	0.8086698904799579	1.0	0.8280938424919785	0.8325546111576977	0.8325546111576978	0.8325546111576977	0.8325546111576977	1.0	0.8325546111576977	0.8325546111576977	0.8325546111576978	0.8325546111576977	0.8239488303097221	0.8325546111576977	0.8325546111576977	0.8209919474454961	0.8175901445201589	0.8325546111576977	0.0	1.0	1.0	1.0	1.0	1.0	1.0	1.0	1.0	1.0	1.0	1.0	1.0	1.0	1.0	1.0	1.0	1.0	1.0	1.0	1.0	1.0	1.0	1.0	1.0	1.0	1.0	1.0	1.0	1.0	1.0	1.0	1.0	1.0	1.0	1.0	1.0	1.0	1.0	1.0	1.0	1.0	1.0	1.0	1.0	1.0	1.0	1.0	1.0	1.0	1.0	1.0	1.0	1.0	1.0	1.0	1.0	1.0	1.0	1.0	1.0	1.0	1.0	1.0	1.0	1.0	1.0	1.0	1.0	1.0	1.0	1.0	1.0	1.0	1.0	1.0	1.0	1.0	1.0	1.0
21	1.0	1.0	1.0	1.0	1.0	1.0	1.0	1.0	1.0	1.0	1.0	1.0	1.0	1.0	1.0	1.0	1.0	1.0	1.0	1.0	1.0	0.0	1.0	0.8325546111576977	1.0	0.8325546111576977	0.8325546111576977	0.8325546111576977	0.8325546111576977	0.8325546111576978	0.8325546111576978	0.8325546111576977	0.8325546111576978	0.8325546111576977	0.8325546111576978	0.8325546111576977	0.8325546111576977	0.8325546111576977	0.8325546111576978	0.8325546111576977	0.8325546111576977	0.8325546111576977	0.8325546111576978	0.8325546111576978	0.8325546111576977	0.8325546111576977	0.8325546111576977	0.8325546111576977	0.8325546111576977	0.8325546111576977	0.8325546111576977	0.8325546111576977	0.8203165127080679	0.8325546111576977	0.8206847822438799	0.8325546111576977	0.8325546111576977	0.8325546111576978	0.8325546111576977	0.8325546111576977	0.8325546111576977	0.8325546111576977	0.8325546111576977	0.8325546111576977	0.8325546111576978	0.8325546111576978	0.8325546111576977	0.8325546111576978	0.8325546111576977	0.8325546111576978	0.8325546111576977	0.8325546111576978	0.8325546111576977	0.8325546111576977	0.8325546111576977	0.8325546111576978	0.8325546111576977	0.8325546111576977	0.8325546111576977	0.8325546111576977	0.8325546111576977	0.8325546111576977	0.8325546111576978	0.8325546111576977	0.8325546111576978	0.8325546111576977	0.8196753870597263	0.8325546111576978	0.8325546111576977	0.8325546111576977	0.8325546111576977	0.8325546111576977	0.8325546111576977	0.8325546111576978	0.8325546111576977	0.8325546111576977	0.8325546111576977	0.8325546111576977	0.8325546111576978	0.8325546111576978
22	1.0	1.0	1.0	1.0	1.0	1.0	1.0	1.0	1.0	1.0	1.0	1.0	1.0	1.0	1.0	1.0	1.0	1.0	1.0	1.0	1.0	1.0	0.0	0.82558203542671	1.0	0.8203165189344703	0.8269266577725116	0.8237643373931453	0.8325546111576977	0.8249110157414451	0.8325546111576978	0.8239042400520945	0.8291256007467266	0.5217145398366495	0.8325546111576978	0.8325546111576977	0.8279007800416527	0.8325546111576977	0.8293429623584553	0.8265165762144223	0.8096355251184584	0.8236913153756207	0.8325546111576978	0.8325546111576978	0.8302253324953177	0.8325546111576977	0.8257743330768705	0.8268122642411052	0.8231572436732926	0.8325546111576977	0.8296071304383034	0.8239218479370647	0.8125507023088925	0.8325546111576977	0.8157414000970024	0.8201393932827076	0.8325546111576977	0.8325546111576978	0.8156907650478565	0.8325546111576977	0.8213247824263262	0.8325546111576977	0.8325546111576977	0.8262847940849389	0.8261917137354162	0.8325546111576978	0.8250551145175808	0.8183327279027298	0.8250224990508371	0.739255097071862	0.8263135349641095	0.8271854814036135	0.8271514015714634	0.8254411995171591	0.8238725761524075	0.828493027049894	0.8025623484373606	0.7917779088268831	0.8325546111576977	0.8041064816220302	0.8139250668919328	0.8223097808716439	0.8230211615014631	0.8325546111576977	0.8325546111576978	0.8325546111576977	0.8092267608546037	0.8325546111576978	0.8267167453236951	0.8325546111576977	0.8177220540340436	0.8288006858491677	0.8254367505361337	0.8325546111576978	0.8153262421256752	0.8248653429863547	0.8325546111576977	0.8325546111576977	0.8120217236290178	0.8325546111576978
23	0.8303443178943511	0.8325546111576977	0.8284291506655288	1.0	0.82764482350385	0.8325546111576977	0.8273000806305758	0.8305724650885387	0.8325546111576977	1.0	0.8325546111576977	0.8206379359744355	0.8325546111576977	0.4098373807008147	0.8283427518393093	0.8325546111576977	0.827862789560079	0.8208283019219057	0.8325546111576977	0.8325546111576977	1.0	0.8325546111576977	0.82558203542671	0.0	1.0	0.8234648931004259	0.8325546111576977	0.8089160965135831	0.8283651024882479	0.8281667441003296	0.8205562518406209	0.8268021806145551	0.8325546111576978	0.8325546111576977	0.8325546111576978	0.8325546111576977	0.8257652502341304	0.7986544333974162	0.8234413971498697	0.8325546111576977	0.8325546111576977	0.8156949849950935	0.8325546111576978	0.8325546111576978	0.8286782833105822	0.8325546111576977	0.7199496539232142	0.8117143839306732	0.8283837044457182	0.8228838874946169	0.8325546111576977	0.8024889341574757	0.8325546111576977	0.8325546111576977	0.8271425176057098	0.8325546111576977	0.8325546111576977	0.8271564524235578	0.8325546111576977	0.8258864538551071	0.827613802739783	0.8325546111576977	0.8120351760456298	0.8259704209817584	0.8263405258548602	0.6741296417767944	0.8277509686002276	0.8107237832893984	0.8325546111576977	0.8224247510997635	0.8268330130852236	0.824184570017764	0.8256910826076843	0.8163090097051743	0.8272843874809254	0.8325546111576978	0.8143951134366559	0.8274063967173816	0.8019725225058065	0.8132064102694856	0.8259083023596274	0.8250936697502721	0.8325546111576978	0.8325546111576977	0.8138672040197166	0.8325546111576977	0.7960395886007339	0.8219947269712938	0.8262888816838369	0.8325546111576977	0.823524493516331	0.8325546111576977	0.8325546111576977	0.8293514635022244	0.8325546111576977	0.8325546111576977	0.8325546111576977	0.8325546111576977	0.8325546111576978	0.8325546111576978
