	0	1	2	3	4	5	6	7	8	9	10	11	12	13	14	15	16	17	18	19	20	21	22	23	24	25	26	27	28	29	30	31	32	33	34	35	36	37	38	39	40	41	42	43	44	45	46	47	48	49	50	51	52	53	54	55	56	57	58	59	60	61	62	63	64	65	66	67	68	69	70	71	72	73	74	75	76	77	78	79	80	81	82	83	84	85	86	87	88	89	90	91	92	93	94	95	96	97	98	99
0	0.0	1.0	1.0	1.0	1.0	1.0	1.0	1.0	1.0	1.0	1.0	1.0	1.0	1.0	1.0	1.0	1.0	1.0	1.0	1.0	1.0	1.0	1.0	1.0	1.0	1.0	1.0	1.0	1.0	1.0	1.0	1.0	1.0	1.0	1.0	1.0	1.0	1.0	1.0	1.0	1.0	1.0	1.0	1.0	1.0	1.0	1.0	1.0	1.0	1.0	1.0	1.0	1.0	1.0	1.0	1.0	1.0	1.0	1.0	1.0	1.0	1.0	1.0	1.0	1.0	1.0	1.0	1.0	1.0	1.0	1.0	1.0	1.0	1.0	1.0	1.0	1.0	1.0	1.0	1.0	1.0	1.0	1.0	1.0	1.0	1.0	1.0	1.0	1.0	1.0	1.0	1.0	1.0	1.0	1.0	1.0	1.0	1.0	1.0	1.0
1	1.0	0.0	1.0	1.0	1.0	1.0	1.0	1.0	1.0	1.0	1.0	1.0	1.0	1.0	1.0	1.0	1.0	1.0	1.0	1.0	1.0	1.0	1.0	1.0	1.0	1.0	1.0	1.0	1.0	1.0	1.0	1.0	1.0	1.0	1.0	1.0	1.0	1.0	1.0	1.0	1.0	1.0	1.0	1.0	1.0	1.0	1.0	1.0	1.0	1.0	1.0	1.0	1.0	1.0	1.0	1.0	1.0	1.0	1.0	1.0	1.0	1.0	1.0	1.0	1.0	1.0	1.0	1.0	1.0	1.0	1.0	1.0	1.0	1.0	1.0	1.0	1.0	1.0	1.0	1.0	1.0	1.0	1.0	1.0	1.0	1.0	1.0	1.0	1.0	1.0	1.0	1.0	1.0	1.0	1.0	1.0	1.0	1.0	1.0	1.0
2	1.0	1.0	0.0	0.8293268548587056	0.8325546111576978	0.8325546111576978	0.8292602230775576	1.0	0.8299615756868801	0.8299394057480695	0.8325546111576978	0.8325546111576978	0.8325546111576978	0.8325546111576978	0.8325546111576978	0.8325546111576977	0.8325546111576977	0.8293946685972114	0.8248457098127798	0.8259687930433499	0.825903081855457	1.0	1.0	0.8302001074479488	1.0	0.8325546111576977	0.8325546111576978	0.8325546111576978	0.8154375283958475	0.8291049832049852	0.8206132233622141	0.8284483025717478	0.826381691273509	0.8295127775569849	0.8325546111576978	0.8325546111576978	0.8234497110032097	0.8325546111576978	0.8178329621684285	0.8293581845400689	0.8291406056851223	0.8291706084274918	0.8325546111576978	0.8325546111576978	0.8276958062388992	0.8325546111576978	0.8325546111576978	0.8325546111576978	0.8325546111576978	0.8325546111576978	0.8325546111576978	0.827943150203483	0.8325546111576978	0.8325546111576978	0.8238344711841148	0.8277135788290665	0.8236487032707359	0.829202559791225	0.8261804805735576	0.8129392200436949	0.8276123986577162	0.8203966284047727	0.816813149733532	0.8195689795393462	0.8325546111576978	0.8241931949823326	0.8242201770918122	0.8245217197432293	0.8325546111576977	0.8325546111576978	0.8325546111576978	0.8325546111576978	0.8286788011750901	0.7959692680706029	0.8325546111576978	0.8288650429631033	0.8325546111576978	0.8234594163479225	0.8282691607282886	0.8187174729933245	0.8325546111576977	0.8325546111576978	0.8292296029027166	0.8325546111576978	0.8325546111576978	0.8260419445878627	0.8325546111576978	0.8252606345269413	0.8246893536746897	0.8291323639277519	0.8325546111576977	0.8325546111576978	0.8207063058667319	0.8302712435593022	0.8142572430709564	0.8287120033103639	0.8292191615402417	0.8194872644187555	0.8293264692068165	0.8186320833073454
3	1.0	1.0	0.8293268548587056	0.0	0.8145922824728823	0.8274111855786722	0.8174168243082733	1.0	0.8263328804860065	0.8325546111576977	0.8139010937768865	0.8052562672832034	0.8150786422864339	0.8266423347124358	0.8262264622011383	0.7975114209960807	0.8325546111576977	0.8325546111576977	0.8278095342890216	0.8272575107867457	0.8325546111576977	1.0	1.0	0.8243299015835088	1.0	0.8117055886211318	0.8178703269297701	0.8251794241860974	0.8294917140906317	0.8270934299513713	0.8325546111576977	0.8249867464799027	0.8279967680151931	0.8325546111576977	0.8325546111576977	0.8325546111576977	0.8325546111576977	0.7818928096400926	0.8325546111576977	0.8325546111576977	0.8165551357697758	0.8143927664495753	0.8048156458604478	0.8223862108058411	0.8198818229571772	0.8190266277309236	0.8233273920680303	0.8325546111576977	0.8325546111576977	0.8325546111576977	0.8276566206524982	0.8212332615847803	0.8247559746046084	0.8325546111576977	0.8170634912233523	0.8325546111576977	0.8249180445183992	0.8199561920040179	0.8263313741113607	0.8022365251217453	0.8087543886474845	0.8206529149667958	0.828843642021506	0.8216706054418911	0.8290879881512103	0.8019636865809178	0.7876699159335532	0.8199795634111476	0.7943980720558292	0.795499741596894	0.8256265003578414	0.8284276740155878	0.8267598809509656	0.8220226599857395	0.804550694062903	0.800467824804151	0.8201371436366325	0.791830474985772	0.820886315762501	0.823764820165236	0.8267628312941544	0.7807612394731389	0.8254734737972206	0.8127749692976693	0.8089014285900398	0.8171358588069135	0.824856909818014	0.8152921917055035	0.8060301887888399	0.8196517484119668	0.8218187625837541	0.8157887875432395	0.8325546111576977	0.8325546111576977	0.821156775331283	0.8214136812792426	0.8192210705173266	0.8290433740275885	0.8239681876593757	0.8155394001767463
4	1.0	1.0	0.8325546111576978	0.8145922824728823	0.0	0.8325546111576978	0.8325546111576977	1.0	0.8300885657680058	0.8325546111576977	0.8227261234002877	0.8266541037892581	0.8325546111576978	0.8325546111576977	0.8325546111576977	0.8262708266960893	0.8257484638056726	0.8325546111576977	0.8325546111576977	0.8325546111576977	0.8325546111576977	1.0	1.0	0.8325546111576977	1.0	0.8279277115729293	0.8286868506863575	0.8325546111576977	0.8294191007865422	0.8325546111576977	0.8325546111576977	0.8325546111576977	0.8325546111576977	0.8325546111576978	0.8325546111576978	0.8325546111576977	0.819578872597209	0.8064462234349563	0.8279569488865592	0.8325546111576978	0.8232418762768958	0.8325546111576977	0.8325546111576977	0.8277725152853784	0.8301274123786146	0.8325546111576977	0.7716749355510815	0.8325546111576978	0.8215137287088746	0.8294043635783367	0.829469356288707	0.8325546111576977	0.8325546111576978	0.8325546111576977	0.8325546111576977	0.8325546111576978	0.8325546111576977	0.8325546111576977	0.8325546111576977	0.8286297086578296	0.8234948743098356	0.8325546111576977	0.8325546111576977	0.8325546111576977	0.8325546111576977	0.807609221020162	0.8226939065873096	0.8284836526211548	0.8325546111576977	0.8087260994491098	0.8246697245381266	0.8325546111576977	0.8325546111576977	0.81646328800662	0.8325546111576977	0.8325546111576977	0.8085825869594901	0.8182484583083903	0.8325546111576977	0.8325546111576977	0.8325546111576977	0.8161145446847738	0.8325546111576977	0.8197771161526344	0.7964559450327263	0.8237999215182757	0.8247637100470943	0.8205812928852311	0.8224449610860187	0.8009632451769554	0.8061250262889552	0.8325546111576977	0.8325546111576977	0.8325546111576977	0.8180961855104173	0.8215730899153515	0.8104559453033456	0.8295559461619962	0.8281834170745401	0.8325546111576977
5	1.0	1.0	0.8325546111576978	0.8274111855786722	0.8325546111576978	0.0	0.8265328597285206	1.0	0.8299203449600021	0.8325546111576977	0.8237696154715127	0.8179860991716206	0.8325546111576978	0.8325546111576978	0.8235701373403853	0.8274942931459991	0.8325546111576977	0.8254369793493925	0.8261724784624118	0.8302484916167203	0.8325546111576978	1.0	1.0	0.8325546111576978	1.0	0.826453833720088	0.8325546111576978	0.8325546111576978	0.8280467857576731	0.8325546111576978	0.8325546111576978	0.8263424909632214	0.8286614386771316	0.8153590837609043	0.8156606082355752	0.8275722317927665	0.8325546111576978	0.8233409020030569	0.8289218157367192	0.8325546111576978	0.8325546111576978	0.8280737130642921	0.8325546111576978	0.8325546111576978	0.8325546111576977	0.8325546111576978	0.8292126347101377	0.8224866001148214	0.7944064421142901	0.8325546111576978	0.8325546111576978	0.8283147483265643	0.8325546111576978	0.8325546111576978	0.8278772664714354	0.8134531970024663	0.8325546111576977	0.8278367025875004	0.8325546111576977	0.8325546111576978	0.8211993719505497	0.8237053846916271	0.8285353254176785	0.8325546111576978	0.8325546111576978	0.8269705729259712	0.8126965028308126	0.8325546111576978	0.8325546111576977	0.8062989038164247	0.8325546111576978	0.8261084973768277	0.8325546111576978	0.8325546111576978	0.8325546111576978	0.8325546111576978	0.810802943903686	0.826822108913643	0.8278281244329192	0.8110295872245605	0.8283007296006311	0.8243590805526642	0.8325546111576978	0.8325546111576978	0.8325546111576978	0.8242528342153843	0.8325546111576978	0.8114471874588203	0.8325546111576978	0.826690265483095	0.8325546111576977	0.8325546111576978	0.8225138145746294	0.8325546111576978	0.8236703673943699	0.8325546111576978	0.8325546111576978	0.8260975721827687	0.8325546111576977	0.8325546111576978
6	1.0	1.0	0.8292602230775576	0.8174168243082733	0.8325546111576977	0.8265328597285206	0.0	1.0	0.8269453573147789	0.8218773223302435	0.8325546111576978	0.8254821199696146	0.8325546111576978	0.8325546111576977	0.8209495733064583	0.8067333984518633	0.8325546111576977	0.8325546111576977	0.8150307380127592	0.8260626630875232	0.8325546111576977	1.0	1.0	0.8267879172562801	1.0	0.7568148137626312	0.8094267087902152	0.8245901449370279	0.8290852601362694	0.8325546111576977	0.8325546111576977	0.8294212950840435	0.8192762665241762	0.8281738318478506	0.8226687061232637	0.8325546111576977	0.825647035781064	0.794598373577366	0.8265530881137659	0.7902895362767218	0.8029550865405771	0.8096067639674214	0.8325546111576977	0.8218285975026363	0.8253731795255421	0.8227151891447508	0.818315318150885	0.8325546111576978	0.8165888165331722	0.8325546111576977	0.8325546111576977	0.8215057216734808	0.8197115595364932	0.8325546111576977	0.7228200034505009	0.8325546111576978	0.8265716803320272	0.8280939775981142	0.8129367702575914	0.8154770724386322	0.8178738456015049	0.8283807612171357	0.8278133269479421	0.8269210970783721	0.8195287305959411	0.8226895087758478	0.8079584162877853	0.8141567871401456	0.7865847032435915	0.8092060232753056	0.8325546111576977	0.8277943750370091	0.8200962214777554	0.8235089052154514	0.812193199964602	0.8057855012299417	0.8153446806865428	0.8101342546911523	0.7588943672158924	0.821018524471504	0.8268333101843081	0.7991985220245569	0.8019682307073929	0.8264917491249836	0.8148456943292214	0.824421399638474	0.8080237661902963	0.8267861799356763	0.8153186961158314	0.821376547730241	0.8222806126654124	0.7980438936470239	0.8234755576101994	0.8291813583228202	0.8282973912089487	0.8325546111576978	0.8252929385419325	0.8291349114715812	0.7991806724683755	0.8277240085588117
7	1.0	1.0	1.0	1.0	1.0	1.0	1.0	0.0	1.0	1.0	1.0	1.0	1.0	1.0	1.0	1.0	1.0	1.0	1.0	1.0	1.0	1.0	1.0	1.0	1.0	1.0	1.0	1.0	1.0	1.0	1.0	1.0	1.0	1.0	1.0	1.0	1.0	1.0	1.0	1.0	1.0	1.0	1.0	1.0	1.0	1.0	1.0	1.0	1.0	1.0	1.0	1.0	1.0	1.0	1.0	1.0	1.0	1.0	1.0	1.0	1.0	1.0	1.0	1.0	1.0	1.0	1.0	1.0	1.0	1.0	1.0	1.0	1.0	1.0	1.0	1.0	1.0	1.0	1.0	1.0	1.0	1.0	1.0	1.0	1.0	1.0	1.0	1.0	1.0	1.0	1.0	1.0	1.0	1.0	1.0	1.0	1.0	1.0	1.0	1.0
8	1.0	1.0	0.8299615756868801	0.8263328804860065	0.8300885657680058	0.8299203449600021	0.8269453573147789	1.0	0.0	0.8325546111576977	0.8277034179806864	0.8325546111576977	0.8325546111576978	0.8325546111576977	0.8203288620815964	0.8269557179967392	0.8308744157315677	0.8234958725349268	0.8296734744410271	0.8325546111576977	0.8325546111576977	1.0	1.0	0.8305730829203708	1.0	0.8137869944254046	0.8325546111576977	0.8325546111576977	0.8285718077471925	0.8325546111576977	0.8325546111576977	0.8206552608057373	0.8253869482180911	0.8325546111576978	0.8325546111576978	0.8325546111576977	0.8325546111576977	0.8258771411656429	0.8325546111576977	0.8292424232716994	0.8153906238406012	0.829150934215353	0.8291325811881913	0.8280973197263911	0.82630003914001	0.8325546111576977	0.8325546111576977	0.8325546111576978	0.8298527750171207	0.827649820579072	0.8325546111576977	0.8325546111576977	0.8249511447176776	0.8325546111576977	0.8162877698107049	0.8294091776869501	0.82649814132291	0.8295245083251153	0.8271877881196048	0.8201105272187494	0.8158958444841394	0.827824015572415	0.8282826431040538	0.8280335257091842	0.8325546111576977	0.8325546111576977	0.8236494327625971	0.8256546326548518	0.8202853529153368	0.8325546111576977	0.830193934038535	0.8325546111576977	0.8325546111576977	0.8325546111576977	0.8286870525471104	0.8196692880774952	0.8325546111576977	0.8325546111576977	0.8206239058133188	0.8289913073213421	0.8291875233126931	0.8145373880755976	0.826499320293448	0.8325546111576977	0.8251190644645627	0.8280732324301442	0.8325546111576978	0.8270397772964927	0.8248772952943767	0.8325546111576977	0.8325546111576977	0.827147681346854	0.8325546111576977	0.8325546111576977	0.8325546111576977	0.8325546111576978	0.8325546111576978	0.8325546111576977	0.8190053067859956	0.8198944699118595
9	1.0	1.0	0.8299394057480695	0.8325546111576977	0.8325546111576977	0.8325546111576977	0.8218773223302435	1.0	0.8325546111576977	0.0	0.827663123405598	0.828622038174693	0.8259436185084028	0.8263081931629732	0.8292317133412141	0.8325546111576977	0.8325546111576977	0.8325546111576977	0.8325546111576977	0.8325546111576977	0.8325546111576977	1.0	1.0	0.8325546111576977	1.0	0.8207596907333436	0.8246184463434252	0.8325546111576977	0.8290680633249825	0.8325546111576977	0.8325546111576977	0.8302850956975937	0.8294336655321896	0.827574874166223	0.8325546111576977	0.8325546111576977	0.8325546111576977	0.8282586211978427	0.8325546111576977	0.828973135924768	0.8325546111576977	0.8290901152279228	0.8325546111576977	0.8325546111576977	0.8325546111576977	0.8325546111576977	0.8325546111576977	0.8325546111576977	0.8248420187493509	0.8325546111576977	0.8325546111576977	0.8325546111576977	0.8205754826433171	0.8325546111576977	0.8134394984384882	0.8325546111576977	0.8325546111576977	0.8325546111576977	0.8325546111576977	0.8325546111576977	0.8325546111576977	0.8290811420418327	0.8325546111576977	0.8280968552865036	0.8325546111576977	0.8325546111576977	0.8287906309378303	0.8276511573575644	0.8262680116035432	0.8261191560120448	0.8325546111576977	0.8325546111576977	0.8271050188371447	0.8283866327410304	0.8258193853897933	0.8325546111576977	0.8266326484085399	0.8256142188898129	0.7859672550205422	0.8282831076120055	0.8310377088251092	0.8237910908043999	0.8162709920131174	0.8276535542771568	0.8325546111576977	0.828700987956037	0.8212966796128923	0.8325546111576977	0.8273980682439143	0.8325546111576977	0.8273262636317577	0.8263970959715831	0.8159406836642185	0.8293478942381018	0.8325546111576977	0.8325546111576977	0.8325546111576977	0.8256823838500755	0.8325546111576977	0.8282043692981812
10	1.0	1.0	0.8325546111576978	0.8139010937768865	0.8227261234002877	0.8237696154715127	0.8325546111576978	1.0	0.8277034179806864	0.827663123405598	0.0	0.8271379000893907	0.8222194906054529	0.8251651265718919	0.8325546111576978	0.8171166629789377	0.8265790625732226	0.8310606797175142	0.8283197238833492	0.8288695810553548	0.8325546111576978	1.0	1.0	0.8325546111576978	1.0	0.8259587447786582	0.8325546111576978	0.8232459978930349	0.8300996921124381	0.8293610520096596	0.8325546111576978	0.8128029461436322	0.8290733808322835	0.8325546111576978	0.8325546111576978	0.8325546111576978	0.8325546111576978	0.8051803680984863	0.8249000362611981	0.8325546111576978	0.8220245227942529	0.8217426233814618	0.8325546111576978	0.8296051487242363	0.8112068174771843	0.8325546111576978	0.829903302242336	0.8325546111576978	0.8146265023332643	0.8325546111576978	0.8325546111576978	0.8325546111576978	0.8281161905111124	0.8325546111576978	0.8192973988705348	0.8292354172644977	0.8284411737389643	0.8276572090494871	0.8275481248130867	0.8325546111576978	0.8325546111576977	0.8325546111576978	0.8325546111576978	0.8281834901718469	0.8267581368356108	0.8279188398455608	0.8179166376014115	0.8287021070803555	0.8149193943650543	0.8325546111576978	0.8286393621709098	0.8325546111576978	0.8200567518761704	0.8288031756190393	0.8325546111576978	0.8293138938091534	0.8245466201808365	0.8283117970254696	0.82736416156103	0.8263229073409003	0.8290011645248812	0.7904775455164811	0.8325546111576978	0.827542508738186	0.8325546111576978	0.8325546111576977	0.8325546111576978	0.8242030439079892	0.8197543070644937	0.8296300966410575	0.8325546111576977	0.8234189292841918	0.8273236048319924	0.8286568716983246	0.8288398629223813	0.8068627480449589	0.829624327297224	0.8280107218736513	0.8099972558362963	0.8325546111576978
11	1.0	1.0	0.8325546111576978	0.8052562672832034	0.8266541037892581	0.8179860991716206	0.8254821199696146	1.0	0.8325546111576977	0.828622038174693	0.8271379000893907	0.0	0.8325546111576978	0.82757696807557	0.8263977093218606	0.8225233524077582	0.8265249312631484	0.8301354042004524	0.8325546111576977	0.8325546111576977	0.8070009658262133	1.0	1.0	0.8206006469442821	1.0	0.8131245175781667	0.7914250682978874	0.8186734871570466	0.8258594455017207	0.8325546111576977	0.8325546111576977	0.8296320742865543	0.8325546111576977	0.8325546111576978	0.8325546111576978	0.8325546111576977	0.8325546111576977	0.7802065053092662	0.8277902012019913	0.8271128004174101	0.8168645901919002	0.7774686060763946	0.8225581779007699	0.8198299356956407	0.8291991935100544	0.8170877072757562	0.8229421094924322	0.8238045467498903	0.8325546111576977	0.8325546111576977	0.8325546111576977	0.8235301934507189	0.8208533050647083	0.8325546111576977	0.8262881381433419	0.8233643855228832	0.8271264903798752	0.8325546111576977	0.8325546111576977	0.8162923744442429	0.8325546111576977	0.8187067123185269	0.8261746074351892	0.8138880679317545	0.8325546111576977	0.8325546111576977	0.8255749356105632	0.8217730750226029	0.7700923129559442	0.8325546111576977	0.7929265511210294	0.8271186416456172	0.828739524167402	0.8325546111576977	0.826862778370119	0.7938803214204413	0.8077290074442769	0.8325546111576977	0.8209754061522512	0.8325546111576977	0.8191899148933685	0.7623134700936378	0.8255886204326016	0.8325546111576977	0.8076009441324933	0.8244688855813936	0.8325546111576978	0.8325546111576977	0.8325546111576977	0.8204124916305439	0.8239300092630466	0.8220135072365093	0.821605966168246	0.8325546111576977	0.8215802593082127	0.8099761127930132	0.8325546111576978	0.8278729816809063	0.7836675015766712	0.8282695218189069
12	1.0	1.0	0.8325546111576978	0.8150786422864339	0.8325546111576978	0.8325546111576978	0.8325546111576978	1.0	0.8325546111576978	0.8259436185084028	0.8222194906054529	0.8325546111576978	0.0	0.8271585862223716	0.8325546111576978	0.8288907515678687	0.827712094651428	0.8285179536300727	0.8325546111576977	0.8283676378361852	0.8325546111576978	1.0	1.0	0.8325546111576978	1.0	0.8325546111576977	0.8325546111576978	0.8325546111576978	0.8298233659518215	0.820705461903926	0.8277381336893302	0.8302919197141722	0.8229943712025863	0.8256341844710735	0.829227812775433	0.8325546111576978	0.8325546111576978	0.821262104157837	0.8325546111576978	0.8325546111576978	0.8325546111576978	0.8325546111576978	0.8325546111576978	0.8278400472894354	0.8253842092754814	0.8275497822233776	0.8240822217984419	0.8325546111576978	0.8255419458111437	0.8325546111576978	0.8325546111576978	0.8189604752061012	0.8325546111576978	0.8325546111576978	0.8325546111576978	0.8325546111576978	0.8325546111576977	0.8242728546132877	0.8325546111576977	0.8325546111576978	0.8325546111576977	0.8212408238607498	0.827185009470222	0.8285606293926009	0.8294256028286804	0.8232886008295631	0.8247117072776483	0.8281667995488435	0.827948096883429	0.8325546111576978	0.8325546111576978	0.8280121980399835	0.8325546111576978	0.828288064572057	0.8325546111576978	0.8288977590258645	0.8267602547442833	0.8276968883970861	0.8325546111576978	0.8325546111576977	0.8285250629484989	0.8278170455475085	0.8292887821955072	0.8325546111576978	0.8284216019828704	0.8325546111576977	0.822868601830889	0.823181674707202	0.8283349002896784	0.8290934739152813	0.8261886733639973	0.8293633691304519	0.8325546111576977	0.8292278127754329	0.8237065362136002	0.8325546111576978	0.8262737734420914	0.8216181554912869	0.8325546111576977	0.8325546111576978
13	1.0	1.0	0.8325546111576978	0.8266423347124358	0.8325546111576977	0.8325546111576978	0.8325546111576977	1.0	0.8325546111576977	0.8263081931629732	0.8251651265718919	0.82757696807557	0.8271585862223716	0.0	0.8325546111576977	0.8283909712266084	0.8325546111576977	0.8325546111576977	0.8267593102081435	0.8325546111576977	0.8325546111576977	1.0	1.0	0.8307056515874619	1.0	0.8256075040661414	0.8325546111576977	0.8325546111576977	0.8262716919628599	0.8325546111576977	0.8325546111576977	0.8103833024344835	0.8325546111576977	0.8325546111576978	0.8325546111576978	0.8325546111576977	0.8325546111576977	0.8265057227768199	0.8066963665496157	0.8325546111576978	0.8210475629943038	0.8231543922123677	0.8325546111576977	0.8325546111576977	0.8271905250925137	0.8286148912023191	0.8325546111576977	0.8325546111576978	0.8325546111576977	0.8325546111576977	0.8282048196006854	0.8325546111576977	0.8285547500170862	0.8325546111576977	0.828500643779184	0.8325546111576978	0.8325546111576977	0.8271978167361305	0.8254280318665516	0.8241002002855738	0.8325546111576977	0.8325546111576977	0.8325546111576977	0.8325546111576977	0.8249536417171908	0.8325546111576977	0.8231054345200916	0.8325546111576977	0.8232389491158673	0.8325546111576977	0.8288110699944935	0.8325546111576977	0.8290160698655793	0.8325546111576977	0.8325546111576977	0.8325546111576977	0.8325546111576977	0.8325546111576977	0.828483447939762	0.8325546111576977	0.8325546111576977	0.824146898381288	0.8268770252527725	0.8325546111576977	0.8325546111576977	0.8325546111576977	0.821145865351142	0.8266017657938899	0.8283879389690115	0.8265388728279666	0.8325546111576977	0.8325546111576977	0.8325546111576977	0.8236609666295943	0.8268111848764256	0.8240241794470345	0.8249302303549805	0.8325546111576977	0.8325546111576977	0.8325546111576977
14	1.0	1.0	0.8325546111576978	0.8262264622011383	0.8325546111576977	0.8235701373403853	0.8209495733064583	1.0	0.8203288620815964	0.8292317133412141	0.8325546111576978	0.8263977093218606	0.8325546111576978	0.8325546111576977	0.0	0.8151155890882118	0.8269022070187573	0.8222042372204942	0.8258810268438673	0.8280670452849075	0.8325546111576977	1.0	1.0	0.8307610789171971	1.0	0.8177575103426801	0.8325546111576977	0.8325546111576977	0.8325546111576978	0.8325546111576977	0.8325546111576977	0.8272307089966217	0.8256947152934602	0.8191072452138037	0.8325546111576978	0.8325546111576977	0.8325546111576977	0.8162215168479376	0.8299298981232068	0.8325546111576978	0.8210198621079388	0.8325546111576977	0.8325546111576977	0.8114440704949729	0.825560587531941	0.8325546111576977	0.825776312817519	0.8009551917151854	0.8259131490414562	0.8103639139313049	0.8268218034141741	0.826802743609143	0.8325546111576978	0.8325546111576977	0.8252050972802689	0.8283823300577645	0.8125437614652007	0.8298216904015978	0.8271018893652385	0.8014172401994218	0.8110302760031335	0.825012921093001	0.8222300116962539	0.8295741728503443	0.8325546111576977	0.7980004751812554	0.8200409870473242	0.8105729677029336	0.824240227432977	0.8118792421949975	0.8217512118065057	0.828367785558688	0.8282147975872565	0.8107203255764915	0.8159773306408393	0.823634122632779	0.8154500693711767	0.8231484469049924	0.8168485097694996	0.8230323534304237	0.8325546111576977	0.8043998362726943	0.8263969999527985	0.8325546111576977	0.8164986672700912	0.8269610064168781	0.8190739947439338	0.8269504230289553	0.8091701578349679	0.8182618560686316	0.8124004299586374	0.82706085044693	0.8325546111576977	0.8325546111576977	0.8325546111576977	0.8325546111576978	0.8046816084946712	0.8213297944476988	0.8176083214006848	0.8244855857144574
15	1.0	1.0	0.8325546111576977	0.7975114209960807	0.8262708266960893	0.8274942931459991	0.8067333984518633	1.0	0.8269557179967392	0.8325546111576977	0.8171166629789377	0.8225233524077582	0.8288907515678687	0.8283909712266084	0.8151155890882118	0.0	0.8325546111576977	0.8235775528916205	0.8245931946777026	0.8264809808841375	0.8325546111576977	1.0	1.0	0.8273207150376245	1.0	0.8132630512210944	0.8238215334685212	0.8325546111576977	0.8273626441188365	0.8221517760015677	0.8325546111576977	0.819092469304612	0.8057638330919806	0.8243424066078993	0.8158700031164385	0.8325546111576977	0.8256006845547581	0.7925428696905734	0.8244646746777888	0.8192148552424552	0.7890559600940441	0.8135330562255748	0.7783997470287867	0.8279192345417979	0.8230221772881678	0.8325546111576977	0.8284951101283201	0.8325546111576977	0.816467964130387	0.8325546111576977	0.8151442580788067	0.8257516862194002	0.8325546111576977	0.813303826882246	0.8065920752062448	0.8325546111576977	0.8253606707308262	0.8280019107772548	0.8177693733376792	0.8108347630751948	0.8234919792846128	0.819014310656272	0.8239108502179286	0.8213073618693473	0.8276974688391721	0.7772063800973095	0.7995435052373021	0.8057221551786377	0.7872180972266888	0.8251399797414136	0.8325546111576977	0.8325546111576977	0.8215082990631949	0.8263451885376868	0.8325546111576977	0.7990679673249739	0.8157808727524659	0.8213319330521318	0.8052737958640961	0.8261312772696578	0.8325546111576977	0.788258215731203	0.8153336270400314	0.8325546111576977	0.8247439405171884	0.8325546111576977	0.82275824241503	0.8267969678057379	0.8102897042762057	0.8325546111576977	0.8325546111576977	0.8214824468638601	0.8325546111576977	0.8229983097089983	0.8245214668127883	0.8079971022164426	0.8325546111576977	0.824882421693006	0.8226146748591765	0.827732360531686
16	1.0	1.0	0.8325546111576977	0.8325546111576977	0.8257484638056726	0.8325546111576977	0.8325546111576977	1.0	0.8308744157315677	0.8325546111576977	0.8265790625732226	0.8265249312631484	0.827712094651428	0.8325546111576977	0.8269022070187573	0.8325546111576977	0.0	0.8307190803835687	0.8298788678804175	0.8325546111576977	0.8325546111576977	1.0	1.0	0.8297766273502128	1.0	0.8212995367628716	0.8325546111576977	0.8302568826981638	0.8236012110930768	0.8286046803631237	0.8325546111576977	0.8288235851794189	0.819920221965579	0.8325546111576977	0.8301113924710348	0.8325546111576977	0.8325546111576977	0.8125961011344687	0.8325546111576977	0.8299568446450531	0.8325546111576977	0.8130832161770917	0.8325546111576977	0.8248189292871739	0.8277021360973807	0.8325546111576977	0.8178649311296322	0.8325546111576977	0.8325546111576977	0.8278088766599435	0.8188608221980823	0.8325546111576977	0.8275259762680991	0.8296232517029466	0.8325546111576977	0.8274028325031698	0.8325546111576977	0.8302597596752563	0.8297580543147913	0.8209614640296613	0.8275145725053344	0.8325546111576977	0.821545763548962	0.8251979026730906	0.8302576609610202	0.8246270718748475	0.8325546111576977	0.8297273653068301	0.8257755920098134	0.8325546111576977	0.8325546111576977	0.8254795421346877	0.8253843149012823	0.8325546111576977	0.8325546111576977	0.8052891151271401	0.8325546111576977	0.8279399829024037	0.8264527551501468	0.8300212334162383	0.8206226288971069	0.8325546111576977	0.8325546111576977	0.8276205679324345	0.8325546111576977	0.8325546111576977	0.8301548941542267	0.8178926777033013	0.8325546111576977	0.8203932612093949	0.8325546111576977	0.8325546111576977	0.8325546111576977	0.8263893950307082	0.8302978491267693	0.8325546111576977	0.8259910115949207	0.8261182864394966	0.8325546111576977	0.8242764157331077
17	1.0	1.0	0.8293946685972114	0.8325546111576977	0.8325546111576977	0.8254369793493925	0.8325546111576977	1.0	0.8234958725349268	0.8325546111576977	0.8310606797175142	0.8301354042004524	0.8285179536300727	0.8325546111576977	0.8222042372204942	0.8235775528916205	0.8307190803835687	0.0	0.8131626943056289	0.8325546111576977	0.8290713399568159	1.0	1.0	0.8259985817839071	1.0	0.8200873065147137	0.8325546111576977	0.8287749911522977	0.8276980111184393	0.8246533573754146	0.8325546111576977	0.8017737220793201	0.8176516766362527	0.8265704906465209	0.8325546111576977	0.8298807126826582	0.8297531849436535	0.7920347910247312	0.8217820864997529	0.8325546111576977	0.8253308102826784	0.8149824663670383	0.8133945717509002	0.8325546111576977	0.8292768713447229	0.8325546111576977	0.8219665670291432	0.8282411434865805	0.8016255384614147	0.81043486927706	0.8325546111576977	0.8177553851322362	0.8303865689163656	0.8325546111576977	0.8325546111576977	0.8300098116984344	0.8148039625488579	0.8252233780740762	0.8226784875212059	0.8301560056813833	0.8154586332158963	0.8325546111576977	0.8228171382141822	0.8304909181294151	0.824329067710741	0.8223552794973042	0.8126668692850342	0.798362993933959	0.8300062118044802	0.8162841347856113	0.8295637662860755	0.8325546111576977	0.8325546111576977	0.8286599394856871	0.8266431261363935	0.8280412549308304	0.8222491000186569	0.8098869520804277	0.8160501922743696	0.8304701864138602	0.8232245897491735	0.8165362197322289	0.828700994974479	0.8158510819838405	0.8325546111576977	0.8325546111576977	0.8251848581014197	0.8279151319950444	0.8232593128630793	0.8155485092292154	0.8325546111576977	0.8162558377902189	0.8306878319241561	0.8244612898013582	0.8325546111576977	0.8303272129749484	0.8156533860120426	0.8258472344146585	0.8289485871584628	0.8325546111576977
18	1.0	1.0	0.8248457098127798	0.8278095342890216	0.8325546111576977	0.8261724784624118	0.8150307380127592	1.0	0.8296734744410271	0.8325546111576977	0.8283197238833492	0.8325546111576977	0.8325546111576977	0.8267593102081435	0.8258810268438673	0.8245931946777026	0.8298788678804175	0.8131626943056289	0.0	0.8160276625152377	0.8325546111576977	1.0	1.0	0.830916310860849	1.0	0.8093669857059396	0.8325546111576977	0.8325546111576977	0.8325546111576977	0.8271819330660238	0.8325546111576977	0.8198157140082296	0.8267504958948395	0.8325546111576977	0.8325546111576977	0.8325546111576977	0.8325546111576977	0.8266926623794273	0.8272072389467412	0.8220061647699581	0.8259677123145238	0.8139322464887657	0.8325546111576977	0.8325546111576977	0.8325546111576977	0.8325546111576977	0.8177395670313952	0.821147545040221	0.8253023346705025	0.8325546111576977	0.8325546111576977	0.810675828221872	0.8277000373399517	0.8325546111576977	0.8064915788677507	0.8266272659307203	0.8193624752517281	0.8144547057344369	0.8211923094951342	0.826479688838265	0.8154350934664438	0.823939402860743	0.80195345528284	0.8097511812637213	0.8268422553302871	0.8122182068820597	0.8064434848901193	0.8198691744028201	0.8325546111576977	0.8325546111576977	0.8188325334802553	0.8289844025234678	0.8325546111576977	0.8215858751015771	0.8325546111576977	0.813273890574664	0.8206680690416108	0.8325546111576977	0.8089125680852245	0.8073703769286711	0.8185303990579793	0.8228084018567179	0.8184782521290135	0.8236638186755756	0.8250351112485673	0.8281147890742366	0.8256707884300162	0.8233105302231345	0.8150688619711416	0.807612780105947	0.8194026605814461	0.8325546111576977	0.8261986830744503	0.8325546111576977	0.8325546111576977	0.825145577516912	0.80743878490504	0.8253081875847323	0.8178427579780272	0.8044249741090297
19	1.0	1.0	0.8259687930433499	0.8272575107867457	0.8325546111576977	0.8302484916167203	0.8260626630875232	1.0	0.8325546111576977	0.8325546111576977	0.8288695810553548	0.8325546111576977	0.8283676378361852	0.8325546111576977	0.8280670452849075	0.8264809808841375	0.8325546111576977	0.8325546111576977	0.8160276625152377	0.0	0.8325546111576977	1.0	1.0	0.8325546111576977	1.0	0.8202243679983483	0.8325546111576977	0.8325546111576977	0.8325546111576978	0.8266111415938199	0.8325546111576977	0.8325546111576977	0.8325546111576977	0.825487710640978	0.8325546111576978	0.8325546111576977	0.8325546111576977	0.8209946780079308	0.8325546111576977	0.8276699135077812	0.8161499921573021	0.8325546111576977	0.8325546111576977	0.8325546111576977	0.8325546111576977	0.8325546111576977	0.827886716459184	0.8325546111576978	0.8269455820410354	0.8325546111576977	0.8325546111576977	0.8242377695770038	0.8174994858577145	0.8325546111576977	0.8270117380264245	0.8325546111576978	0.8224705938573499	0.827001944478563	0.8188623851430029	0.8256835041258025	0.823465941235625	0.8271584546905735	0.8280241464798388	0.8247326780486317	0.8274315235631121	0.8143808541005884	0.8187735228108471	0.8028401983212152	0.8325546111576977	0.8325546111576977	0.8325546111576977	0.8325546111576977	0.8213428816212126	0.8200422034714058	0.8325546111576977	0.8301272196707465	0.8325546111576977	0.8325546111576977	0.8325546111576977	0.8207478470442362	0.816496283283721	0.8281918775927747	0.8251744497381273	0.8238149028037659	0.8325546111576977	0.8325546111576977	0.8325546111576978	0.8263993674236401	0.8325546111576977	0.8268561302244155	0.8325546111576977	0.8325546111576977	0.826883399256876	0.8325546111576977	0.8325546111576977	0.8325546111576978	0.8270362749275032	0.8325546111576977	0.8172349800867444	0.8220397928149448
20	1.0	1.0	0.825903081855457	0.8325546111576977	0.8325546111576977	0.8325546111576978	0.8325546111576977	1.0	0.8325546111576977	0.8325546111576977	0.8325546111576978	0.8070009658262133	0.8325546111576978	0.8325546111576977	0.8325546111576977	0.8325546111576977	0.8325546111576977	0.8290713399568159	0.8325546111576977	0.8325546111576977	0.0	1.0	1.0	0.8325546111576977	1.0	0.8325546111576977	0.8229620230187608	0.8325546111576977	0.8325546111576978	0.8325546111576977	0.8325546111576977	0.8325546111576977	0.8230403445364193	0.8325546111576978	0.8325546111576978	0.8325546111576977	0.8111078418029806	0.8325546111576978	0.8246873233717855	0.8325546111576978	0.8325546111576977	0.8325546111576977	0.8174058950136598	0.8325546111576977	0.8325546111576977	0.8325546111576977	0.8325546111576977	0.8325546111576978	0.8325546111576977	0.8325546111576977	0.8325546111576977	0.8214846719930363	0.8325546111576978	0.8325546111576977	0.8325546111576977	0.8325546111576978	0.8325546111576977	0.8325546111576977	0.8325546111576977	0.8325546111576977	0.8325546111576977	0.8325546111576977	0.8325546111576977	0.8325546111576977	0.8325546111576977	0.8325546111576977	0.8325546111576977	0.8325546111576977	0.8325546111576977	0.8325546111576977	0.8325546111576977	0.8325546111576977	0.8325546111576977	0.8325546111576977	0.8325546111576977	0.8325546111576977	0.8325546111576977	0.8325546111576977	0.8325546111576977	0.8325546111576977	0.8325546111576977	0.8325546111576977	0.8325546111576977	0.8325546111576977	0.8325546111576977	0.8325546111576977	0.8325546111576978	0.8325546111576977	0.8325546111576977	0.8325546111576977	0.8325546111576977	0.8325546111576977	0.8325546111576977	0.8325546111576977	0.8325546111576977	0.8325546111576978	0.8325546111576978	0.8325546111576977	0.8325546111576977	0.8325546111576977
21	1.0	1.0	1.0	1.0	1.0	1.0	1.0	1.0	1.0	1.0	1.0	1.0	1.0	1.0	1.0	1.0	1.0	1.0	1.0	1.0	1.0	0.0	1.0	1.0	1.0	1.0	1.0	1.0	1.0	1.0	1.0	1.0	1.0	1.0	1.0	1.0	1.0	1.0	1.0	1.0	1.0	1.0	1.0	1.0	1.0	1.0	1.0	1.0	1.0	1.0	1.0	1.0	1.0	1.0	1.0	1.0	1.0	1.0	1.0	1.0	1.0	1.0	1.0	1.0	1.0	1.0	1.0	1.0	1.0	1.0	1.0	1.0	1.0	1.0	1.0	1.0	1.0	1.0	1.0	1.0	1.0	1.0	1.0	1.0	1.0	1.0	1.0	1.0	1.0	1.0	1.0	1.0	1.0	1.0	1.0	1.0	1.0	1.0	1.0	1.0
22	1.0	1.0	1.0	1.0	1.0	1.0	1.0	1.0	1.0	1.0	1.0	1.0	1.0	1.0	1.0	1.0	1.0	1.0	1.0	1.0	1.0	1.0	0.0	1.0	1.0	1.0	1.0	1.0	1.0	1.0	1.0	1.0	1.0	1.0	1.0	1.0	1.0	1.0	1.0	1.0	1.0	1.0	1.0	1.0	1.0	1.0	1.0	1.0	1.0	1.0	1.0	1.0	1.0	1.0	1.0	1.0	1.0	1.0	1.0	1.0	1.0	1.0	1.0	1.0	1.0	1.0	1.0	1.0	1.0	1.0	1.0	1.0	1.0	1.0	1.0	1.0	1.0	1.0	1.0	1.0	1.0	1.0	1.0	1.0	1.0	1.0	1.0	1.0	1.0	1.0	1.0	1.0	1.0	1.0	1.0	1.0	1.0	1.0	1.0	1.0
23	1.0	1.0	0.8302001074479488	0.8243299015835088	0.8325546111576977	0.8325546111576978	0.8267879172562801	1.0	0.8305730829203708	0.8325546111576977	0.8325546111576978	0.8206006469442821	0.8325546111576978	0.8307056515874619	0.8307610789171971	0.8273207150376245	0.8297766273502128	0.8259985817839071	0.830916310860849	0.8325546111576977	0.8325546111576977	1.0	1.0	0.0	1.0	0.8305316887211434	0.8293344584248147	0.8325546111576977	0.8308874801649975	0.8325546111576977	0.8325546111576977	0.8300424546237791	0.8272000481309489	0.8254469311109737	0.8325546111576978	0.8281281253277935	0.8325546111576977	0.8254031564613763	0.8325546111576977	0.8325546111576978	0.8282704092366102	0.8280748269800465	0.8288756747722971	0.8325546111576977	0.8302307152159474	0.8325546111576977	0.8307755244425044	0.8325546111576978	0.8250964628392962	0.8325546111576977	0.8301283476237415	0.8325546111576977	0.8281043690429205	0.8325546111576977	0.8274939807379806	0.8325546111576978	0.8325546111576977	0.8298001721807619	0.830660350485925	0.8325546111576977	0.8296142068560244	0.8325546111576977	0.8325546111576977	0.8325546111576977	0.8302612390800751	0.8325546111576977	0.8325546111576977	0.8325546111576977	0.8267063098940822	0.8269625664270467	0.8325546111576977	0.8325546111576977	0.8305433198930219	0.8293442074288894	0.8325546111576977	0.8179278671782098	0.8217205594486647	0.8266348651646254	0.8325546111576977	0.8270738882704602	0.8325546111576977	0.8283433017712388	0.8325546111576977	0.8230032010385187	0.8325546111576977	0.8325546111576977	0.8269302751788342	0.8282029659990776	0.8325546111576977	0.8275294113481438	0.8302841784936312	0.8325546111576977	0.8325546111576977	0.8325546111576977	0.8265783159938169	0.8294499620832636	0.8271246793743421	0.8290512571891645	0.8288418321356853	0.8325546111576977
24	1.0	1.0	1.0	1.0	1.0	1.0	1.0	1.0	1.0	1.0	1.0	1.0	1.0	1.0	1.0	1.0	1.0	1.0	1.0	1.0	1.0	1.0	1.0	1.0	0.0	1.0	1.0	1.0	1.0	1.0	1.0	1.0	1.0	1.0	1.0	1.0	1.0	1.0	1.0	1.0	1.0	1.0	1.0	1.0	1.0	1.0	1.0	1.0	1.0	1.0	1.0	1.0	1.0	1.0	1.0	1.0	1.0	1.0	1.0	1.0	1.0	1.0	1.0	1.0	1.0	1.0	1.0	1.0	1.0	1.0	1.0	1.0	1.0	1.0	1.0	1.0	1.0	1.0	1.0	1.0	1.0	1.0	1.0	1.0	1.0	1.0	1.0	1.0	1.0	1.0	1.0	1.0	1.0	1.0	1.0	1.0	1.0	1.0	1.0	1.0
25	1.0	1.0	0.8325546111576977	0.8117055886211318	0.8279277115729293	0.826453833720088	0.7568148137626312	1.0	0.8137869944254046	0.8207596907333436	0.8259587447786582	0.8131245175781667	0.8325546111576977	0.8256075040661414	0.8177575103426801	0.8132630512210944	0.8212995367628716	0.8200873065147137	0.8093669857059396	0.8202243679983483	0.8325546111576977	1.0	1.0	0.8305316887211434	1.0	0.0	0.8116272652270519	0.814347339025857	0.8325546111576977	0.8325546111576977	0.8325546111576977	0.8325546111576977	0.8163983264913166	0.8325546111576977	0.8248786647241385	0.8325546111576977	0.8325546111576977	0.788027383837411	0.8325546111576977	0.8013329244963557	0.7740617560164652	0.8009973352050287	0.8325546111576977	0.8206107385406115	0.8229967211276121	0.8266730546468913	0.824741773058529	0.8251227977103174	0.8325546111576977	0.8325546111576977	0.8325546111576977	0.8210006105022429	0.8124764215280154	0.821311784188191	0.7401178460774375	0.8210173127002035	0.8325546111576977	0.8104186461258372	0.7963732946767512	0.8173196658572236	0.8205482733308757	0.8325546111576977	0.8160229661967667	0.8211386555809759	0.8091186164301328	0.816456118700804	0.7896862070928262	0.7987775454712024	0.7996670791118646	0.8325546111576977	0.8161911189563918	0.8325546111576977	0.8279880581586415	0.8118430517877965	0.8114217550483582	0.8203113119620515	0.8127759791386482	0.8260795160125	0.7038172314242629	0.8242200989802643	0.7745449242596865	0.7578364148127316	0.7540257029280856	0.8222853307943091	0.8021885393033968	0.8325546111576977	0.8035547672686707	0.8201834791493027	0.7993717598497466	0.8055665762608574	0.8130746455451018	0.7638635323829395	0.8188801385661059	0.8325546111576977	0.8140405219532986	0.8325546111576977	0.8139828822637132	0.8245781436733177	0.762776962959368	0.8216385415215541
