	0	1	2	3	4	5	6	7	8	9	10	11	12	13	14	15	16	17	18	19	20	21	22	23	24	25	26	27	28	29	30	31	32	33	34	35	36	37	38	39	40	41	42	43	44	45	46	47	48	49	50	51	52	53	54	55	56	57	58	59	60	61	62	63	64	65	66	67	68	69	70	71	72	73	74	75	76	77	78	79	80	81	82	83	84	85	86	87	88	89	90	91	92	93	94	95	96	97	98	99
0	0.0	0.7674060547882001	0.8282238035921791	0.8180157601170922	0.8325546111576977	0.8325546111576978	0.8325546111576977	0.8325546111576978	0.8266422681758152	0.8325546111576977	0.8286785093806965	0.8325546111576977	0.8198078943964265	0.7891404352895983	0.8258322806079837	0.8244266638592156	0.8269544306670328	0.8174284796696136	0.8325546111576977	0.8140318844845301	0.8325546111576977	0.8249653957238778	0.7992793811224921	0.8272344822576632	0.8207315448297556	0.8279948631428424	0.8273080727174815	0.7801332825012601	0.8135612667142231	0.8325546111576977	0.820317700660167	0.8325546111576977	0.8269970607130281	0.82393949757096	0.8270605017458289	0.8065240164337834	0.8017095641253664	0.8325546111576977	0.828912922944294	0.8156173836700238	0.8325546111576977	1.0	0.7914712309487422	0.8062005371779314	0.8325546111576978	0.8325546111576977	0.8325546111576977	0.8300467679593703	0.8325546111576977	0.8169805585297389	0.8243071742349353	0.8325546111576978	0.8129768107451186	0.823017710668717	0.8229869106835862	0.8175743681500927	0.8272852831525294	0.8198062657274694	0.7974987996958819	0.8325546111576977	0.8225439003886525	0.8325546111576977	0.8239275986449048	0.8058680208281301	0.829124832235009	0.810056252085811	0.8142136763163978	0.8174990887025456	0.8325546111576977	0.828293441620956	0.805758616278957	0.8286234267233994	0.8279890830307283	0.8290839540902046	0.8325546111576978	0.8325546111576977	0.8205953285139844	0.8325546111576977	0.8325546111576977	0.8325546111576977	0.8245670997364006	0.8298021995353547	0.8246634299474485	0.8325546111576978	0.821243230819681	0.8220409910590608	0.8325546111576978	0.8133030939202758	0.8112841810805993	0.8052611900291589	0.8325546111576977	0.8252489533852037	0.7847529164040425	0.8211613467672665	0.8162861094913004	0.8274573860031086	0.8231524631783549	0.8245186319939127	0.8259231886192951	0.8219484670574315
1	0.7674060547882001	0.0	0.8325546111576977	0.8173632223518471	0.81406463963756	0.8297870124749966	0.8325546111576977	0.8209527421828735	0.8297904333153687	0.8160049538168226	0.8325546111576977	0.8325546111576977	0.823657169872353	0.7996591602645912	0.8276474292322327	0.8190837584446888	0.8075504232123336	0.8142773074180591	0.8277035590328398	0.8096106358627869	0.8210398934168958	0.8286757559905031	0.8166388302344822	0.8113995483462164	0.8325546111576977	0.8269023313249839	0.8325546111576977	0.82645901313082	0.8325546111576977	0.8325546111576977	0.7997985441847419	0.8276422578546411	0.8266590659051513	0.8149598272011302	0.8325546111576977	0.7975379383445577	0.8184731171867313	0.8257798613979292	0.8325546111576977	0.8171320993818008	0.8325546111576977	1.0	0.826250834680789	0.8273968016379087	0.7973672357037301	0.8325546111576977	0.8325546111576977	0.8280272054056752	0.8241135608547187	0.8325546111576977	0.8270150396801652	0.8325546111576978	0.8228861038449319	0.8229197110390307	0.8228884728925008	0.8284027831004207	0.8280293435132808	0.8228328687891308	0.8257617722079775	0.8325546111576977	0.8113516128941548	0.8180007439786896	0.823842248019639	0.8246618487225612	0.821755738415585	0.8155814763966232	0.811992960477892	0.8173128455286905	0.8272422973865263	0.8269739061017563	0.8034633027451294	0.8183787309008558	0.8278844273316214	0.8325546111576978	0.8325546111576978	0.820159281227334	0.8006495421167275	0.8325546111576977	0.8325546111576977	0.8224907791538782	0.8266124892393472	0.8325546111576977	0.8325546111576977	0.8043910515436098	0.8211189530160566	0.8325546111576977	0.8267804410631574	0.8325546111576977	0.817522531314012	0.8240898443368189	0.8325546111576977	0.8219867506329294	0.8136099058509276	0.8272241207760229	0.8089712288696026	0.8254761151831452	0.8230563729209838	0.8325546111576977	0.8214325474148115	0.8173702529785178
2	0.8282238035921791	0.8325546111576977	0.0	0.8325546111576977	0.8264423843854104	0.8275058494122358	0.8325546111576977	0.8290804486127065	0.8303053011176629	0.8325546111576977	0.8325546111576977	0.8325546111576977	0.8276594723237927	0.8325546111576977	0.8325546111576977	0.8251438125169245	0.8070254161890003	0.8229342547316917	0.8288164933735148	0.8325546111576978	0.8325546111576977	0.8268786998470743	0.8325546111576978	0.8288821311576993	0.8235652478270721	0.8242417905519787	0.8290643832410802	0.8137353913646911	0.8325546111576977	0.8325546111576977	0.8291679289360208	0.8271322795389735	0.8325546111576977	0.8210337857393165	0.8294668781372097	0.8210045481063422	0.8325546111576977	0.8325546111576977	0.8230456822565586	0.816606332700951	0.8253307088694702	1.0	0.7920381304132766	0.7986393067474521	0.8325546111576978	0.824903193053209	0.8325546111576977	0.8249838254158888	0.8202686110347441	0.8112986384840004	0.8265343824734401	0.8281211269505394	0.8325546111576977	0.8051184507707707	0.8022614417068396	0.8325546111576978	0.8014338095849963	0.8155177011066301	0.8235137721014586	0.8325546111576977	0.8256331097731258	0.8325546111576977	0.8325546111576977	0.8273215341411437	0.8185787275065692	0.8325546111576978	0.8325546111576977	0.8325546111576977	0.8223467637716725	0.8207877512794574	0.8243232392650306	0.8325546111576977	0.8325546111576977	0.8213502477108104	0.8325546111576978	0.8325546111576977	0.8325546111576977	0.8325546111576977	0.8325546111576977	0.8325546111576977	0.8295491379101494	0.8325546111576977	0.8258305301993555	0.8268047494296786	0.8286556489836873	0.8280374354278404	0.8227035654985142	0.8325546111576977	0.8248373149082373	0.8267468737494622	0.8325546111576977	0.8203024090575498	0.8235004420922029	0.8121563495450478	0.8325546111576978	0.8287561298537944	0.8325546111576978	0.8325546111576977	0.8244305769867648	0.8325546111576977
3	0.8180157601170922	0.8173632223518471	0.8325546111576977	0.0	0.8290741043925551	0.8325546111576977	0.8325546111576977	0.8230770081780282	0.8082555920452266	0.8052018527991344	0.8325546111576977	0.8222313343292835	0.8218974441093435	0.8256011717616768	0.8325546111576977	0.8231070528664423	0.8274206921450966	0.8061109065750827	0.8325546111576977	0.8325546111576977	0.8101558807661035	0.8226804581048793	0.828773937021129	0.8153491684965343	0.8325546111576977	0.8288293930796228	0.8325546111576977	0.8193838492423735	0.8325546111576977	0.8182429472052862	0.8325546111576977	0.8277858420103537	0.8232416326721658	0.8279435693405464	0.8299501392541258	0.8083726775030652	0.8155840426447162	0.8219600805469145	0.8325546111576977	0.8239923736362833	0.8325546111576977	1.0	0.8219238263688549	0.8325546111576977	0.8325546111576977	0.8205976130407104	0.8325546111576977	0.8291245010113262	0.8325546111576977	0.8242587929805697	0.8113568355298103	0.8325546111576977	0.816177226960032	0.8273376149111069	0.8325546111576977	0.8325546111576977	0.8325546111576977	0.8285916972674362	0.8192174118085744	0.8325546111576977	0.8325546111576977	0.8077059310430459	0.8251690753409902	0.8325546111576977	0.8109988449087703	0.82031343963685	0.8325546111576977	0.8325546111576977	0.8227166540038897	0.8261355142728198	0.8056724581517598	0.8287592151908685	0.8280179643276783	0.8287893560546841	0.8096871845736211	0.7823849651006999	0.7763644284118424	0.8170963573295931	0.8183826451575239	0.8075772610428548	0.8325546111576977	0.8277688760890863	0.8325546111576977	0.8178000678816727	0.8325546111576977	0.784667096238312	0.8223799341157023	0.8268514223127931	0.8224320009901158	0.8277477449684972	0.820142024565604	0.8275904274819705	0.8274422114192851	0.8235510030776444	0.8142418036881668	0.750241346876385	0.8042243941160956	0.8213959140137014	0.81665011869055	0.8263085437744373
4	0.8325546111576977	0.81406463963756	0.8264423843854104	0.8290741043925551	0.0	0.8247475256103327	0.8301321454321662	0.8265287574122487	0.8198980717756925	0.8214824346888009	0.8325546111576977	0.8186414771213762	0.8325546111576977	0.8325546111576977	0.7888037613396829	0.8257661930802259	0.8027679526606386	0.8190113008062772	0.8238737843116224	0.812782964001313	0.82062683013445	0.8265085149052256	0.8325546111576977	0.8325546111576977	0.8325546111576977	0.8226967693562447	0.8325546111576977	0.8219399414543811	0.8234713770587546	0.8325546111576977	0.7980091100759265	0.8325546111576977	0.8325546111576977	0.8090830330681659	0.8289052354875672	0.8135260282972899	0.8151720718420172	0.8253507208581852	0.8325546111576977	0.8301768598369014	0.8325546111576977	1.0	0.8233579086472397	0.8269667452260148	0.8192355005288035	0.8275920993433243	0.8325546111576977	0.8325546111576977	0.8247208992107723	0.8257545171661013	0.8325546111576977	0.8325546111576977	0.8325546111576977	0.8325546111576977	0.8325546111576977	0.8283117436512556	0.8325546111576977	0.829902685140125	0.8325546111576977	0.8325546111576977	0.8325546111576977	0.8089741989776097	0.8232665130628427	0.8228651925299314	0.8325546111576977	0.8299449457148895	0.8193417380848013	0.826353288405287	0.8325546111576977	0.8325546111576977	0.8082791813244179	0.8233874592628015	0.8090334717876044	0.811008909161614	0.8126467978521327	0.804480394157347	0.8093898328497245	0.8238785872010932	0.817827679145591	0.7963584943909917	0.8247243682502124	0.8070649585278378	0.8325546111576977	0.7997482071655809	0.8277259609628911	0.822381611696452	0.8163124265498599	0.8169592263115212	0.8045077093751638	0.8325546111576977	0.8295018405228202	0.8325546111576977	0.8325546111576977	0.8104220270530262	0.8325546111576977	0.8021989034519222	0.8174109208969723	0.830238131303422	0.8268693369949404	0.8325546111576977
5	0.8325546111576978	0.8297870124749966	0.8275058494122358	0.8325546111576977	0.8247475256103327	0.0	0.8325546111576978	0.8200423980729478	0.8306034985273398	0.8256939753114798	0.8325546111576978	0.8286595012357602	0.8292637999247369	0.827873144290924	0.820474558766464	0.8191202975361598	0.8176897628284843	0.8293132911367006	0.8183159195571154	0.8285027389319799	0.8221832703629374	0.8243359331364759	0.8267369530717971	0.8325546111576978	0.8138041178643607	0.8270916665173965	0.8296145527138973	0.8325546111576978	0.8325546111576978	0.8325546111576978	0.8261781788684341	0.8280615824554894	0.8197435818795801	0.826525780762717	0.8290071439501642	0.8167274919498582	0.8274990191391584	0.8281643450663951	0.8244480651441392	0.8229520430559019	0.822298336806221	1.0	0.8325546111576978	0.8294138488266309	0.8325546111576978	0.8235341273319761	0.8325546111576978	0.8266371585028552	0.8229928703768561	0.8288682685871201	0.8240516019885752	0.8325546111576978	0.8296284989519634	0.8185161675762604	0.8165815373229844	0.8248642584966794	0.8139762083025627	0.8170701424295324	0.8218409412173445	0.8325546111576978	0.8248935848394844	0.8325546111576978	0.8267621615895814	0.8269522826752523	0.8234287846639489	0.8291447715433964	0.8325546111576978	0.8170348999917105	0.8166528985048784	0.8105792802199048	0.8234558943983438	0.8325546111576978	0.823376263096639	0.8325546111576978	0.8127983908901829	0.8097919454119701	0.8238311795946102	0.8138156844821293	0.8258925109170435	0.8280210541996692	0.82944689068758	0.8290469432358166	0.8325546111576977	0.8325546111576978	0.8188662662667678	0.8244284738621853	0.8325546111576978	0.8325546111576978	0.8203017107114898	0.8232940174811553	0.8325546111576978	0.8325546111576978	0.8325546111576977	0.8325546111576978	0.8325546111576978	0.7946865076552618	0.8282738132827684	0.8325546111576978	0.8252000272861	0.8276230645287326
6	0.8325546111576977	0.8325546111576977	0.8325546111576977	0.8325546111576977	0.8301321454321662	0.8325546111576978	0.0	0.8325546111576978	0.8325546111576978	0.8325546111576977	0.8325546111576977	0.8325546111576977	0.8182171804570058	0.8325546111576977	0.8325546111576977	0.8325546111576977	0.8325546111576978	0.8255953301804333	0.8325546111576977	0.8226217230134513	0.8202243567950422	0.8325546111576978	0.8325546111576978	0.8266571684871394	0.8270771730837054	0.8283251037486526	0.8325546111576977	0.8250082561480083	0.8325546111576977	0.8269472645140481	0.8293116410738262	0.8325546111576977	0.8325546111576977	0.8325546111576978	0.8205366243887435	0.8325546111576977	0.8325546111576977	0.8325546111576977	0.8325546111576977	0.8325546111576977	0.8325546111576977	1.0	0.8325546111576977	0.8325546111576978	0.8325546111576978	0.8325546111576977	0.8216720173216818	0.829669872343566	0.8325546111576977	0.8325546111576977	0.8325546111576977	0.8325546111576978	0.8325546111576977	0.8325546111576978	0.8284608977565705	0.8276193381908005	0.8226519755504004	0.8268135060352233	0.8269886909334098	0.8325546111576977	0.8325546111576977	0.8325546111576977	0.8325546111576977	0.8325546111576978	0.8281053201703951	0.8325546111576978	0.8290008408803538	0.8325546111576977	0.8272377993945468	0.8257874992511609	0.826326657634818	0.8325546111576977	0.8325546111576977	0.8279981118660428	0.826905424088387	0.8325546111576977	0.8325546111576977	0.8325546111576977	0.8325546111576977	0.8325546111576977	0.8325546111576978	0.8289051185871296	0.8325546111576977	0.8325546111576978	0.8325546111576977	0.8213386600166778	0.8325546111576978	0.8325546111576977	0.8283484224008631	0.8283823137334458	0.8285539853461485	0.8281622548704692	0.8325546111576977	0.8325546111576978	0.8289266020243032	0.8325546111576977	0.8325546111576978	0.8325546111576977	0.8325546111576977	0.8325546111576977
7	0.8325546111576978	0.8209527421828735	0.8290804486127065	0.8230770081780282	0.8265287574122487	0.8200423980729478	0.8325546111576978	0.0	0.8165090352274386	0.8325546111576978	0.8325546111576978	0.8170289019672557	0.806543288893877	0.810603886777582	0.8325546111576978	0.8225975657228818	0.8283169017468001	0.8260182602109633	0.8325546111576978	0.8325546111576978	0.8215356905073422	0.8325546111576978	0.8325546111576978	0.8325546111576978	0.8241342394088287	0.8297510236838866	0.8325546111576978	0.8325546111576978	0.8290469177594968	0.8325546111576978	0.8325546111576977	0.8325546111576978	0.8325546111576978	0.8277763989083138	0.8096849399604911	0.8280052962620241	0.8087806161133861	0.8284842105963836	0.8325546111576978	0.8325546111576978	0.8244917394272429	1.0	0.8325546111576978	0.8325546111576978	0.8325546111576978	0.8325546111576978	0.8325546111576978	0.8325546111576978	0.8202536237978756	0.8325546111576978	0.8325546111576978	0.8325546111576978	0.8160322895481672	0.8325546111576978	0.8325546111576978	0.8325546111576978	0.8325546111576978	0.8325546111576978	0.8325546111576978	0.8325546111576978	0.8325546111576978	0.8325546111576978	0.8325546111576978	0.8244883723300874	0.8164586109636532	0.8325546111576978	0.8325546111576978	0.8325546111576978	0.8246133040668482	0.8325546111576978	0.8252933013710793	0.8325546111576978	0.8290213266239742	0.8272396520418083	0.8325546111576978	0.8117146422926619	0.799634612354469	0.8195243848876296	0.8112254891947838	0.8251928670595303	0.8325546111576978	0.8325546111576977	0.8281959143693366	0.8325546111576978	0.8325546111576978	0.828732238345793	0.8249627162979615	0.8225495917360877	0.8325546111576978	0.8325546111576978	0.8325546111576978	0.8079299697744386	0.8103755964130296	0.8325546111576978	0.8325546111576978	0.8246661581005418	0.8325546111576978	0.8162422721021193	0.8295414562393761	0.8256175434393528
8	0.8266422681758152	0.8297904333153687	0.8303053011176629	0.8082555920452266	0.8198980717756925	0.8306034985273398	0.8325546111576978	0.8165090352274386	0.0	0.8267781378761907	0.8272215574465465	0.8112569571632713	0.8208708732239963	0.8295536950168833	0.8325546111576978	0.8229583601306614	0.8265091315739779	0.8171597320394968	0.8184659948854274	0.8246269160314426	0.8203650537455852	0.8325546111576978	0.8226154709930662	0.8136117341110313	0.8170158156341675	0.8299747394245578	0.8212742179014675	0.8293082360370347	0.8198522214680173	0.8325546111576978	0.8220985421209244	0.8325546111576978	0.8325546111576978	0.829835690504652	0.8163798102437938	0.825952142004463	0.8267253799000035	0.8325546111576978	0.826263341075918	0.8288214810559675	0.8289606239097943	1.0	0.8270059567651371	0.8285148112746135	0.827667209607308	0.8193466699087971	0.8325546111576978	0.8299348548764772	0.8219229705510795	0.8291086343851137	0.8223924380492013	0.8283373147816464	0.8228299632475413	0.809663698101686	0.8257186779444501	0.8187443243813914	0.8080685348628031	0.827050566705009	0.8160984741466516	0.8289176530419586	0.8143128820475798	0.8103803063040745	0.824182255402619	0.8216657616385293	0.8212798234307864	0.80769171124667	0.8223585216070952	0.8249914479210443	0.8248682706353003	0.826464166922703	0.8125737193183866	0.828248379280063	0.8231441143863467	0.8240779478089159	0.8291574405584667	0.8098154799967142	0.7437664539862485	0.8055838817839523	0.8219430364644285	0.7848429337935328	0.8296815244005811	0.8241511466348476	0.8286775726124236	0.8237686270589798	0.8209765489532298	0.8325546111576978	0.8101404521743901	0.8000943716962894	0.8264424991615635	0.8147701615454414	0.8286650416626041	0.8239643194721743	0.8223780525461087	0.8210559721005755	0.8204018539857015	0.8095085031745654	0.8226518151743781	0.823595133213482	0.8297454619097115	0.8149231707122375
9	0.8325546111576977	0.8160049538168226	0.8325546111576977	0.8052018527991344	0.8214824346888009	0.8256939753114798	0.8325546111576977	0.8325546111576978	0.8267781378761907	0.0	0.8325546111576977	0.8325546111576977	0.8264831257367624	0.8169307627474389	0.8325546111576977	0.8125799630578169	0.811226610499927	0.8242424096206985	0.8325546111576977	0.8170219291639409	0.8155490555316232	0.8190727389638446	0.8325546111576978	0.8217352560306107	0.8187787056977979	0.8278574035904509	0.8241147330351885	0.824833845036621	0.8325546111576977	0.8046651734339162	0.8146171158020693	0.8197265619254522	0.8091672457114905	0.8258737759282635	0.8264258013487276	0.7991834149801904	0.8064151827180713	0.8193227634823381	0.8268744216977223	0.8110136048951189	0.8325546111576977	1.0	0.8274073265440001	0.8325546111576978	0.8230211679269402	0.8214580758495666	0.8325546111576977	0.8283959431915672	0.8325546111576977	0.8325546111576977	0.8274433354095948	0.8282984291895881	0.8281386732579904	0.8274394286013732	0.8325546111576977	0.8325546111576978	0.8325546111576977	0.8260889795437966	0.8235013410255954	0.8325546111576977	0.8274001941839753	0.8227852194440446	0.8231648852214963	0.8325546111576978	0.8259888731330385	0.8249818469207323	0.8325546111576977	0.8325546111576977	0.8219664875426291	0.8247057609022733	0.8028032059455136	0.827696111236691	0.8266225832515308	0.8237357257327138	0.8325546111576978	0.8221598054935892	0.8104293582585935	0.8325546111576977	0.8212561970558298	0.8193385151872145	0.8325546111576978	0.8325546111576977	0.8325546111576977	0.7960877776154883	0.8325546111576977	0.8277691394198174	0.8250344911516896	0.8325546111576977	0.8325546111576977	0.8325546111576977	0.826651356098024	0.828246224616671	0.8259969608310092	0.825679735693999	0.8325546111576978	0.8033882005190297	0.8325546111576978	0.821542307062348	0.8092657250797675	0.8325546111576977
10	0.8286785093806965	0.8325546111576977	0.8325546111576977	0.8325546111576977	0.8325546111576977	0.8325546111576978	0.8325546111576977	0.8325546111576978	0.8272215574465465	0.8325546111576977	0.0	0.8325546111576977	0.8325546111576977	0.8325546111576977	0.8325546111576977	0.8325546111576977	0.8325546111576978	0.8325546111576978	0.8325546111576977	0.8325546111576978	0.8325546111576977	0.8325546111576978	0.8325546111576978	0.8272911157200828	0.8325546111576977	0.8325546111576977	0.8325546111576977	0.8325546111576977	0.8196223759770923	0.8325546111576977	0.8289852244957729	0.8325546111576977	0.8325546111576977	0.8325546111576978	0.8325546111576977	0.8325546111576977	0.8325546111576977	0.8178327651280132	0.8084912172703516	0.8205653148523433	0.8277610437820713	1.0	0.8325546111576977	0.8213522218692725	0.8325546111576978	0.8184245994600989	0.8325546111576977	0.8325546111576978	0.8325546111576977	0.8325546111576977	0.822155540825284	0.8208051960368884	0.8325546111576977	0.8151628658843739	0.8280983061489965	0.8325546111576978	0.8187412826055472	0.8246214259637801	0.8251523403776168	0.8242528112959057	0.8004808095367856	0.8114611547271361	0.7734435781262513	0.8156873255174332	0.8058198290113504	0.8002709555573629	0.8142701543727372	0.8002314650340049	0.8119910696139694	0.8181350508574693	0.8325546111576977	0.8219329229718597	0.7803705658505647	0.8027541648890475	0.8325546111576978	0.8227435394670255	0.8325546111576977	0.822077318065118	0.8325546111576977	0.8091231395792827	0.8325546111576978	0.8136440013125232	0.8185324173559961	0.8325546111576978	0.7820901147988211	0.8325546111576977	0.8139489098109132	0.8325546111576977	0.826611176434179	0.8093215856276221	0.828109334962824	0.8145171273751433	0.8325546111576977	0.7964721218160975	0.8325546111576978	0.8161808794262418	0.8216085728853916	0.8325546111576977	0.8186672576413158	0.7909952439019258
11	0.8325546111576977	0.8325546111576977	0.8325546111576977	0.8222313343292835	0.8186414771213762	0.8286595012357602	0.8325546111576977	0.8170289019672557	0.8112569571632713	0.8325546111576977	0.8325546111576977	0.0	0.8102612880066162	0.8236564955603418	0.8325546111576977	0.8292919733035055	0.8325546111576977	0.8284602326250674	0.8325546111576977	0.8263439332799546	0.8183486319146711	0.8325546111576977	0.8234580824112627	0.8226732822597981	0.8269409324573943	0.8325546111576977	0.8325546111576977	0.8325546111576977	0.8325546111576977	0.8250437701827512	0.8230607801006938	0.8187317511043493	0.8325546111576977	0.8213535504128369	0.8129554208734234	0.8220613968629509	0.8223692605918624	0.8206226387333141	0.811367378574356	0.8148194570280537	0.8265095464516948	1.0	0.8281590900755407	0.8325546111576977	0.8325546111576977	0.8144227416788588	0.8325546111576977	0.8325546111576977	0.8245179695824225	0.8325546111576977	0.8169953455009332	0.8325546111576977	0.8275006426244339	0.8273805933572359	0.8193149059222	0.8169753271153161	0.7991933833035312	0.8149032472997405	0.8270781323135878	0.8325546111576977	0.8111452534498408	0.8120783042341009	0.770033802293095	0.8275982355100637	0.8187847477399147	0.8100189163474654	0.8250646538767209	0.7984145261574872	0.8076965834200327	0.8178337061090395	0.8168885529987225	0.8325546111576977	0.8071663548117503	0.8181877075438228	0.78647708237459	0.8216710341853696	0.7946959393148625	0.8147826366211414	0.8263939156356019	0.7619177767138287	0.8325546111576977	0.7920464902135168	0.8255742841469059	0.8265506530925512	0.7860913843319658	0.8280905166142893	0.8276200330715779	0.8204883571673861	0.7891720328247498	0.8110414790981247	0.8325546111576977	0.8325546111576977	0.8271667236871736	0.8272342262802271	0.8199437917487921	0.8253080956185991	0.820563613469758	0.8325546111576977	0.8221758299521176	0.8174097727460323
12	0.8198078943964265	0.823657169872353	0.8276594723237927	0.8218974441093435	0.8325546111576977	0.8292637999247369	0.8182171804570058	0.806543288893877	0.8208708732239963	0.8264831257367624	0.8325546111576977	0.8102612880066162	0.0	0.8266307515652247	0.8209507228439163	0.8265468350588471	0.8325546111576977	0.8216513293485138	0.8184079459179724	0.8272525128989132	0.8325546111576977	0.8325546111576977	0.8229714284684192	0.8325546111576977	0.8074794105858776	0.8325546111576977	0.8159761391463766	0.8239487724704938	0.8282491886352501	0.8325546111576977	0.8325546111576977	0.829410937892842	0.8234868993213827	0.8325546111576977	0.8249540588055999	0.8050135548123256	0.8234544673778728	0.8325546111576977	0.826618387558524	0.8167039570778488	0.8325546111576977	1.0	0.8058304023362158	0.8258755167483438	0.8325546111576977	0.8269737711164908	0.8325546111576977	0.8325546111576977	0.8325546111576977	0.8263800669605733	0.8232021864217556	0.8195665369881969	0.8264989592084022	0.8284712754844431	0.8325546111576977	0.8289995688808699	0.8280369072434614	0.8222778528532032	0.815812254724683	0.8280935089149425	0.824590942261312	0.8325546111576977	0.8295964838794514	0.813645725333446	0.8325546111576977	0.8210234794993287	0.8259136566224264	0.8325546111576977	0.8158338295467312	0.8213059545920411	0.8146329622691733	0.8325546111576977	0.8325546111576977	0.8180475710082118	0.8325546111576977	0.8271439444456773	0.8050062310677398	0.824184601042476	0.8325546111576977	0.7963102161667126	0.829951430395018	0.8325546111576977	0.8226040729321094	0.8218608721322359	0.8276603169874243	0.8270260023599494	0.8325546111576977	0.8209625914504423	0.8163360368082585	0.8245553753667327	0.8325546111576977	0.8227621025726295	0.821821551407435	0.8284607187732598	0.8325546111576977	0.826984840676575	0.8249226809932034	0.8325546111576977	0.8216670487885043	0.8325546111576977
13	0.7891404352895983	0.7996591602645912	0.8325546111576977	0.8256011717616768	0.8325546111576977	0.827873144290924	0.8325546111576977	0.810603886777582	0.8295536950168833	0.8169307627474389	0.8325546111576977	0.8236564955603418	0.8266307515652247	0.0	0.8278248030929393	0.7974680305016832	0.8270706096233731	0.7972101123992363	0.8325546111576977	0.8005287544447819	0.7935860399956912	0.8134514591945831	0.8130637745194054	0.7981523579238776	0.8179807066198	0.8325546111576977	0.8325546111576977	0.8065123504104454	0.818584320009633	0.8042197724899722	0.8164519000260142	0.8089894762154355	0.8259418357595844	0.8106474252276683	0.8294766719535969	0.7963296309464872	0.738417358202945	0.7655673667086674	0.8163398268575264	0.7620921452107652	0.8249884116891016	1.0	0.8024549406755974	0.8176304218264392	0.8325546111576978	0.8225719130800253	0.8325546111576977	0.828872001799209	0.8238254486919878	0.8325546111576977	0.8083185697038521	0.8325546111576978	0.8254063126340756	0.8261747683904894	0.8100614362304164	0.8220321459964621	0.8118804452926115	0.780583394414057	0.8067690023726605	0.8325546111576977	0.8145360930334449	0.8084732314481745	0.8222905671589505	0.8189575243986029	0.8122608435211768	0.8201185680372439	0.8134756828657416	0.8202019440837793	0.8265942529867436	0.8201170777121859	0.7748377652271052	0.8027170933587817	0.8230110810355417	0.8206439580401697	0.8206843644552609	0.8195801342878714	0.8105247338821464	0.816841594850057	0.7518046593427323	0.8276659740437359	0.8075986009065235	0.816027259999361	0.8268922494158764	0.8088580027657678	0.825695192833408	0.8325546111576977	0.8270492006240932	0.8203805082605647	0.818360920661552	0.815556100972143	0.8177809397214411	0.8228759772168537	0.7318488597902714	0.8270724944079273	0.8129411495918938	0.8217120025029346	0.824713067681769	0.7784112122765964	0.809494718224609	0.8139758344297345
14	0.8258322806079837	0.8276474292322327	0.8325546111576977	0.8325546111576977	0.7888037613396829	0.820474558766464	0.8325546111576977	0.8325546111576978	0.8325546111576978	0.8325546111576977	0.8325546111576977	0.8325546111576977	0.8209507228439163	0.8278248030929393	0.0	0.8253702789027059	0.8325546111576978	0.8212746576122528	0.8325546111576977	0.8227988671162227	0.8273915213877576	0.8325546111576978	0.8325546111576978	0.8226696179908901	0.8208009284132444	0.8289466381879116	0.8325546111576977	0.8325546111576977	0.8325546111576977	0.8325546111576977	0.8292077005365365	0.8325546111576977	0.8325546111576977	0.8325546111576978	0.8236208445181014	0.8020794065092498	0.8325546111576977	0.8325546111576977	0.8325546111576977	0.8325546111576977	0.8325546111576977	1.0	0.8093913561228597	0.822731039443691	0.8325546111576978	0.8325546111576977	0.8325546111576977	0.823380794573134	0.8228884628213033	0.8219259407987028	0.8325546111576977	0.8281234388512262	0.8278428016729112	0.8222927878607367	0.8254137017084814	0.8325546111576978	0.8199450664836884	0.8098211000454868	0.8008543800964096	0.8325546111576977	0.8263668103204045	0.8274210390779679	0.8325546111576977	0.8325546111576978	0.8278937674086189	0.8268570617231273	0.8325546111576977	0.8325546111576977	0.8247855649240852	0.8325546111576978	0.8060898296905094	0.8325546111576977	0.8325546111576977	0.8273628123390291	0.8325546111576978	0.8325546111576977	0.8266370338667102	0.8237828973499283	0.8258602095987693	0.8325546111576977	0.8236253576075169	0.8325546111576977	0.8325546111576977	0.8268081119616442	0.8325546111576977	0.8236096649909431	0.8325546111576978	0.8108381958204777	0.8325546111576977	0.8193546086461712	0.8325546111576977	0.8237867469478458	0.8227166121846601	0.8325546111576978	0.8282071773283971	0.8275590392054463	0.8325546111576978	0.8325546111576977	0.8261852712462593	0.8325546111576977
15	0.8244266638592156	0.8190837584446888	0.8251438125169245	0.8231070528664423	0.8257661930802259	0.8191202975361598	0.8325546111576977	0.8225975657228818	0.8229583601306614	0.8125799630578169	0.8325546111576977	0.8292919733035055	0.8265468350588471	0.7974680305016832	0.8253702789027059	0.0	0.8267764258450492	0.7850927745402007	0.8325546111576977	0.8199204338312587	0.7870418118441316	0.8325546111576978	0.8325546111576978	0.8100394194646269	0.7892761927062935	0.8295035922965233	0.8325546111576977	0.8226900240127799	0.8325546111576977	0.8289823005038333	0.8221511485291254	0.823462276952637	0.8282572734174386	0.8237244850226814	0.8182764998545119	0.8070635791800568	0.8186152897698479	0.8002295711075339	0.826168001762727	0.8054717692868502	0.8233286568448431	1.0	0.8250565016452415	0.8249346139968635	0.8325546111576978	0.8255127939750324	0.8325546111576977	0.8325546111576978	0.8156036212743379	0.8325546111576977	0.8279981562754124	0.8325546111576978	0.828939427980928	0.8278046547146539	0.8209339966474046	0.8249936103932031	0.8253725089235617	0.7629258698060819	0.8275370969845256	0.8325546111576977	0.8227085552522574	0.8274544247533682	0.8278562906844635	0.8279975686551865	0.8279822695944137	0.8325546111576978	0.8325546111576977	0.8276486031201945	0.8280812547131351	0.8280916827130446	0.7420230390547446	0.8283470661065729	0.8195576780773642	0.8241923930087276	0.8286745295888767	0.8128079369926415	0.8233886129407113	0.8271381797385045	0.8137587407123829	0.8288018295524868	0.8290063787096437	0.8295936733899376	0.8240301037143867	0.8229572990227093	0.827491603365535	0.8283427563998502	0.8262298946229809	0.8325546111576977	0.8176519533142153	0.8169300342649061	0.8229977897595162	0.8270884598579423	0.8038121456709947	0.8207030839716224	0.8325546111576978	0.8156314007884155	0.8325546111576978	0.8257210226946146	0.8325546111576977	0.8285001799356786
16	0.8269544306670328	0.8075504232123336	0.8070254161890003	0.8274206921450966	0.8027679526606386	0.8176897628284843	0.8325546111576978	0.8283169017468001	0.8265091315739779	0.811226610499927	0.8325546111576978	0.8325546111576977	0.8325546111576977	0.8270706096233731	0.8325546111576978	0.8267764258450492	0.0	0.8325546111576978	0.8214210501923149	0.8076371669386598	0.8262645589095802	0.8325546111576978	0.8144037678434268	0.8248643581424996	0.822143658704573	0.8133176361428626	0.8325546111576978	0.8325546111576978	0.8325546111576978	0.8260572193728442	0.7954693674181913	0.8271871998327835	0.8282295904446146	0.8093483825730577	0.8276404280195406	0.7829281675265187	0.8325546111576978	0.8235900982246082	0.8253601060230892	0.8325546111576978	0.8325546111576977	1.0	0.8230136719832709	0.8234212965603221	0.8148494832991421	0.8246563659240023	0.8325546111576978	0.8325546111576978	0.8325546111576978	0.7885656325777125	0.8325546111576978	0.8325546111576978	0.8325546111576977	0.8118584030772273	0.8325546111576978	0.8325546111576978	0.8110384555987891	0.8270509535793976	0.8325546111576978	0.8325546111576978	0.8325546111576978	0.8234071759327299	0.8325546111576978	0.8325546111576978	0.8325546111576977	0.8227360999345108	0.8325546111576978	0.8260773770565951	0.8325546111576978	0.8072007928560871	0.8172353020210401	0.8283320920635417	0.8274620202096622	0.8325546111576978	0.8279179347025387	0.8229432871220149	0.8185885735119763	0.8219793045150926	0.8252639298766467	0.8185306336083669	0.8325546111576978	0.8325546111576977	0.8289278756787881	0.7950774552907007	0.8325546111576978	0.8325546111576978	0.8262029325406103	0.8325546111576978	0.8288988131132821	0.8325546111576978	0.8258725790161591	0.8325546111576978	0.8325546111576977	0.826710826874323	0.8202951512961623	0.7880455937390498	0.8325546111576978	0.8266573383937477	0.8239603670671796	0.8259797738312663
17	0.8174284796696136	0.8142773074180591	0.8229342547316917	0.8061109065750827	0.8190113008062772	0.8293132911367006	0.8255953301804333	0.8260182602109633	0.8171597320394968	0.8242424096206985	0.8325546111576978	0.8284602326250674	0.8216513293485138	0.7972101123992363	0.8212746576122528	0.7850927745402007	0.8325546111576978	0.0	0.8264338659678405	0.8063135024596682	0.760312487616705	0.8274260779940943	0.8325546111576978	0.8013912673103993	0.7836072048078406	0.8290183047289456	0.8276972375339161	0.825074549133732	0.8325546111576978	0.8325546111576978	0.8178004950205456	0.8276491115982109	0.8325546111576978	0.8207130271518703	0.8120433955910602	0.8090039683698211	0.81360537964274	0.7991429003551554	0.8325546111576978	0.8196827469144475	0.8325546111576977	1.0	0.817425151255064	0.8265705683921347	0.8325546111576978	0.8325546111576978	0.8325546111576978	0.8291621766520276	0.8263286046810272	0.8252084578297043	0.8325546111576978	0.8325546111576978	0.8184837054959091	0.8325546111576978	0.8325546111576978	0.8168519542381816	0.8264447165173945	0.7628722802842981	0.8100260724761171	0.8325546111576978	0.8208512760687661	0.8119681360254211	0.8325546111576978	0.8325546111576978	0.8325546111576977	0.824532334729232	0.8290284513856631	0.8325546111576978	0.8229551528501498	0.8137618434051458	0.6767739716556916	0.8167628923945712	0.8325546111576978	0.817844925563484	0.8272438695365831	0.8227672464592344	0.7861648649775287	0.825639615368546	0.8163158794170589	0.8325546111576978	0.8262626446161905	0.8271242126045377	0.8325546111576977	0.8158717594999816	0.8325546111576978	0.8325546111576978	0.826987421700937	0.8222002409446024	0.8325546111576978	0.8202655463032726	0.8165469433428295	0.8325546111576978	0.8002011320419917	0.8219130698445414	0.8141277424725474	0.8234272021928686	0.8259418319958867	0.8206918855287356	0.8289026349779589	0.8267951217820144
18	0.8325546111576977	0.8277035590328398	0.8288164933735148	0.8325546111576977	0.8238737843116224	0.8183159195571154	0.8325546111576977	0.8325546111576978	0.8184659948854274	0.8325546111576977	0.8325546111576977	0.8325546111576977	0.8184079459179724	0.8325546111576977	0.8325546111576977	0.8325546111576977	0.8214210501923149	0.8264338659678405	0.0	0.8221316704903275	0.8278539635156205	0.8325546111576978	0.8325546111576978	0.8325546111576977	0.7943467829522824	0.8325546111576977	0.8280592858226008	0.8325546111576977	0.8325546111576977	0.8325546111576977	0.8325546111576977	0.8248409746428347	0.8325546111576977	0.8218170494051201	0.8325546111576977	0.8249581454249033	0.8268346597179125	0.8325546111576977	0.8191003825745805	0.8265935311257437	0.8325546111576977	1.0	0.8325546111576977	0.8325546111576978	0.8325546111576978	0.8325546111576977	0.8325546111576977	0.8262427653037756	0.8325546111576977	0.8325546111576977	0.8255277717984156	0.8228020317250365	0.8325546111576977	0.8325546111576978	0.8325546111576977	0.8259159145470485	0.8217148425055606	0.8325546111576977	0.8325546111576977	0.8325546111576977	0.8325546111576977	0.8249567729225197	0.8325546111576977	0.8325546111576978	0.8325546111576977	0.8325546111576978	0.8325546111576977	0.8325546111576977	0.8325546111576977	0.8235482305808456	0.8271602963817191	0.8264036398613764	0.8325546111576977	0.8325546111576978	0.8325546111576978	0.8267602138663592	0.8251211985927343	0.8325546111576977	0.8325546111576977	0.8325546111576977	0.8325546111576978	0.8325546111576977	0.828016077386626	0.8325546111576978	0.8325546111576977	0.8325546111576977	0.8262286018470406	0.8325546111576977	0.8325546111576977	0.8325546111576977	0.8325546111576977	0.8325546111576977	0.8263742312549255	0.8325546111576978	0.8278931510871221	0.8276119207211887	0.8325546111576978	0.8325546111576977	0.8325546111576977	0.8325546111576977
19	0.8140318844845301	0.8096106358627869	0.8325546111576978	0.8325546111576977	0.812782964001313	0.8285027389319799	0.8226217230134513	0.8325546111576978	0.8246269160314426	0.8170219291639409	0.8325546111576978	0.8263439332799546	0.8272525128989132	0.8005287544447819	0.8227988671162227	0.8199204338312587	0.8076371669386598	0.8063135024596682	0.8221316704903275	0.0	0.815139084583292	0.8282736823295075	0.8292346498627581	0.8017289382242792	0.817605597200534	0.8270594505927347	0.8268521552172697	0.814294543883296	0.8226180923018445	0.8214053101833275	0.7902361991361811	0.8248310385641957	0.8325546111576978	0.8060174054742635	0.8299736518633544	0.7631964391332346	0.8132077535520191	0.8041972611721163	0.8285515980717906	0.8208893321503005	0.8325546111576977	1.0	0.7783460839757439	0.8228780992530172	0.8207255742708095	0.8325546111576978	0.8325546111576978	0.8283068481523735	0.8276510183929593	0.8099524130861767	0.8273876473922207	0.8287434657898739	0.7982182855155989	0.8325546111576978	0.8264606247731682	0.7859463380473797	0.8325546111576978	0.8070046514542214	0.8040576381476474	0.8325546111576978	0.821918066664119	0.7952407421083731	0.8325546111576978	0.8325546111576978	0.8221623873613483	0.8220150602896029	0.8273504691104823	0.8325546111576978	0.8212879459673581	0.8184886590953956	0.7789685917331741	0.8288821676179935	0.8276952939843626	0.8193341021501556	0.8175055360318547	0.8102563913290824	0.7851254216793379	0.8325546111576978	0.8073608619277675	0.8175011272376702	0.8306820996262082	0.817641508661625	0.8168324282826419	0.7794385241034817	0.8273076421163155	0.8158554339999945	0.8325546111576978	0.7989365372349854	0.8278815156869835	0.8146905676343651	0.8151395682725567	0.8325546111576978	0.8047082159761383	0.8230107699601905	0.7938878928323266	0.8263167775387288	0.821366659435339	0.822558850069399	0.8256849911230255	0.8189588522599848
20	0.8325546111576977	0.8210398934168958	0.8325546111576977	0.8101558807661035	0.82062683013445	0.8221832703629374	0.8202243567950422	0.8215356905073422	0.8203650537455852	0.8155490555316232	0.8325546111576977	0.8183486319146711	0.8325546111576977	0.7935860399956912	0.8273915213877576	0.7870418118441316	0.8262645589095802	0.760312487616705	0.8278539635156205	0.815139084583292	0.0	0.8325546111576978	0.8325546111576978	0.807469704366276	0.7677531432944185	0.8325546111576977	0.8325546111576977	0.8325546111576977	0.8325546111576977	0.8325546111576977	0.817677530515138	0.8096369634812229	0.8248956213671347	0.8325546111576978	0.8054332441747551	0.8026450112132502	0.8014056435278336	0.792911198554488	0.8242001734966544	0.8054508799665719	0.8254482755039637	1.0	0.8181673504278493	0.8208723214164145	0.8325546111576978	0.8187370815289516	0.8325546111576977	0.8285485143606328	0.8234901034419354	0.8325546111576977	0.8172839542857421	0.8325546111576978	0.822898673338061	0.8223875032309169	0.822628034611189	0.8118782947823957	0.8230413269237443	0.7893649208350834	0.8261599952231229	0.8325546111576977	0.8246646275332915	0.8048800093029881	0.8266085997892142	0.8268059456154695	0.8209622599327764	0.8325546111576978	0.8275039989788655	0.8263171252594821	0.8138733201400051	0.8012569047206909	0.7056948979275328	0.8280254483478774	0.8220797589470925	0.8212723413141402	0.8171070419274574	0.8092200526027287	0.8108016123567262	0.8255944624157903	0.7996137378449816	0.8157848490590153	0.8120144732364933	0.8205042829838713	0.8325546111576977	0.8022944243564335	0.8260957638873542	0.8325546111576977	0.8045326832641858	0.8249889880958736	0.8160892044292287	0.8107827060415529	0.8140791688936738	0.8285743791938042	0.7995318724605713	0.818796105716592	0.8080797613511541	0.8060109985754617	0.8164542062846525	0.8190344026615	0.8325546111576977	0.8183872766711692
