	0	1	2	3	4	5	6	7	8	9	10	11	12	13	14	15	16	17	18	19	20	21	22	23	24	25	26	27	28	29	30	31	32	33	34	35	36	37	38	39	40	41	42	43	44	45	46	47	48	49	50	51	52	53	54	55	56	57	58	59	60	61	62	63	64	65	66	67	68	69	70	71	72	73	74	75	76	77	78	79	80	81	82	83	84	85	86	87	88	89	90	91	92	93	94	95	96	97	98	99
0	0.0	1.0	1.0	1.0	1.0	1.0	1.0	1.0	1.0	1.0	1.0	1.0	1.0	1.0	1.0	1.0	1.0	1.0	1.0	1.0	1.0	1.0	1.0	1.0	1.0	1.0	1.0	1.0	1.0	1.0	1.0	1.0	1.0	1.0	1.0	1.0	1.0	1.0	1.0	1.0	1.0	1.0	1.0	1.0	1.0	1.0	1.0	1.0	1.0	1.0	1.0	1.0	1.0	1.0	1.0	1.0	1.0	1.0	1.0	1.0	1.0	1.0	1.0	1.0	1.0	1.0	1.0	1.0	1.0	1.0	1.0	1.0	1.0	1.0	1.0	1.0	1.0	1.0	1.0	1.0	1.0	1.0	1.0	1.0	1.0	1.0	1.0	1.0	1.0	1.0	1.0	1.0	1.0	1.0	1.0	1.0	1.0	1.0	1.0	1.0
1	1.0	0.0	1.0	1.0	1.0	1.0	1.0	1.0	1.0	1.0	1.0	1.0	1.0	1.0	1.0	1.0	1.0	1.0	1.0	1.0	1.0	1.0	1.0	1.0	1.0	1.0	1.0	1.0	1.0	1.0	1.0	1.0	1.0	1.0	1.0	1.0	1.0	1.0	1.0	1.0	1.0	1.0	1.0	1.0	1.0	1.0	1.0	1.0	1.0	1.0	1.0	1.0	1.0	1.0	1.0	1.0	1.0	1.0	1.0	1.0	1.0	1.0	1.0	1.0	1.0	1.0	1.0	1.0	1.0	1.0	1.0	1.0	1.0	1.0	1.0	1.0	1.0	1.0	1.0	1.0	1.0	1.0	1.0	1.0	1.0	1.0	1.0	1.0	1.0	1.0	1.0	1.0	1.0	1.0	1.0	1.0	1.0	1.0	1.0	1.0
2	1.0	1.0	0.0	1.0	0.8293612531636732	0.8257580764264167	0.8325546111576977	0.8325546111576977	0.8289381646560742	1.0	0.815642413707021	0.8300415892457069	0.8265449540153019	0.8293402208820194	0.8325546111576977	0.8325546111576978	0.8325546111576977	0.8108097155111188	0.8325546111576978	0.8288250581622408	1.0	0.8325546111576977	0.8109073531206401	0.8282123847491364	0.8179888463138174	0.8325546111576977	0.8325546111576978	0.8325546111576977	0.8325546111576978	0.8255687403831081	0.8325546111576977	0.8271633097632171	0.8100123907529371	0.8283262291492353	0.8300476453979544	0.829273921557027	0.8138364437741219	0.8325546111576977	0.7447007630888585	0.8325546111576977	0.8325546111576977	0.8325546111576977	0.8325546111576978	0.8280058849871316	0.8325546111576977	0.8325546111576977	0.8242274124878953	0.8325546111576977	0.8325546111576977	0.8325546111576977	0.8144403440407268	0.8325546111576977	0.7775732500582939	1.0	0.8325546111576977	0.8325546111576977	0.8168977482375757	0.8325546111576977	0.8223336923568071	0.8325546111576977	0.8325546111576978	0.8188386085354922	0.8267991625680413	0.8117923084396829	0.8325546111576977	0.8275204827850442	0.8325546111576978	0.8325546111576977	0.8248808499775319	0.8178164140579038	0.8088125671504197	0.7928177549636698	0.8325546111576978	0.8325546111576977	0.8325546111576977	0.8163102484704693	0.8126602612317032	0.8222775209978821	0.7991547351865904	0.8325546111576977	0.8165936877852689	0.8290142664985383	0.8241726580091472	0.8177897048129882	0.8152574422336835	0.8259136147420642	0.8264513480199169	0.8325546111576977	0.8283136081809142	0.8212432830824433	0.8277946575665818	0.8283068636641738	0.8035518526585889	0.8325546111576978	0.8217720812269268	0.8196426826015044	0.8325546111576977	0.8273024060449244	0.8325546111576977	0.8269607110450039
3	1.0	1.0	1.0	0.0	0.8308691730528427	0.829474701179617	0.8207122843201089	0.8264148775102316	0.8325546111576977	1.0	0.829508988365409	0.8253097666347403	0.8299993235778361	0.8197137471223869	0.8139741943676108	0.83017219592572	0.829396648877754	0.8246688458424444	0.8325546111576978	0.8182692947615634	1.0	0.8325546111576977	0.8325546111576977	0.8291827991404805	0.8325546111576977	0.8245218182393032	0.8325546111576978	0.8209449314737357	0.8240479985637669	0.8166048125821642	0.8282972870225658	0.8231196865354756	0.8325546111576977	0.825096694812642	0.8289377911393353	0.8302787780709343	0.8297340220924825	0.8325546111576977	0.8325546111576978	0.8277072850651132	0.8262387969949048	0.827942363407563	0.8302674499631373	0.8159268567256348	0.8312879953301573	0.8131422661391119	0.8258091077572156	0.8254215332464704	0.8309957364463929	0.8325546111576977	0.8212129037105379	0.8164684882755536	0.8285044316718229	1.0	0.8261761111255982	0.8299094231189734	0.8258015553040354	0.8325546111576977	0.8298500213788973	0.8325546111576977	0.8325546111576978	0.8325546111576977	0.8325546111576977	0.8297037967065208	0.8182676927208634	0.8131015045778874	0.8175616622477371	0.8240516421294695	0.8113138246406228	0.8178788991297656	0.8259963116528177	0.8295933175576096	0.82179735063885	0.8246972971690686	0.8142709604511758	0.8243035377260416	0.8325546111576977	0.8225616265889378	0.8285533530570136	0.8237318926837278	0.8216759516613878	0.8270987416109363	0.8281925260248983	0.8325546111576977	0.8148359041155895	0.8263445622234464	0.8325546111576977	0.8115947847821553	0.8109517458615821	0.8158030077784629	0.7750135547264977	0.8187248569235597	0.8218605045747686	0.8210680487362969	0.8228899920568611	0.8262123097162674	0.8270373022094146	0.8202316433232321	0.814772325480281	0.8081894810905443
4	1.0	1.0	0.8293612531636732	0.8308691730528427	0.0	0.8325546111576977	0.8325546111576977	0.8325546111576977	0.8325546111576977	1.0	0.8325546111576977	0.8325546111576978	0.8325546111576977	0.8325546111576977	0.8325546111576977	0.8325546111576978	0.8325546111576977	0.8325546111576977	0.8325546111576978	0.8325546111576977	1.0	0.8325546111576977	0.8325546111576977	0.8325546111576978	0.8325546111576977	0.8325546111576977	0.8325546111576978	0.8325546111576977	0.8325546111576978	0.8325546111576977	0.8325546111576977	0.8325546111576978	0.8325546111576977	0.8325546111576977	0.8325546111576977	0.8325546111576978	0.8325546111576977	0.8325546111576977	0.8325546111576978	0.8325546111576977	0.8325546111576977	0.8325546111576977	0.8325546111576978	0.8325546111576978	0.8312120550354182	0.8191710957486343	0.8325546111576977	0.8325546111576977	0.8325546111576977	0.8270580767082146	0.8325546111576977	0.8325546111576977	0.8325546111576977	1.0	0.8325546111576977	0.8325546111576977	0.8325546111576977	0.8325546111576977	0.8270790183681267	0.8325546111576977	0.8325546111576978	0.8325546111576977	0.8325546111576977	0.8325546111576977	0.8325546111576977	0.8325546111576977	0.8281519287897833	0.8092678722091148	0.8325546111576977	0.8325546111576977	0.8325546111576977	0.8325546111576977	0.8325546111576978	0.8325546111576977	0.8325546111576977	0.8325546111576977	0.8325546111576977	0.8325546111576977	0.8325546111576977	0.8325546111576977	0.8087422121600081	0.8325546111576977	0.8325546111576977	0.8325546111576977	0.8325546111576977	0.8325546111576977	0.828557112543962	0.8325546111576977	0.8325546111576977	0.8259590650105602	0.8325546111576978	0.8325546111576977	0.8325546111576977	0.8325546111576978	0.8325546111576977	0.8325546111576977	0.8325546111576977	0.8325546111576978	0.8325546111576977	0.8325546111576977
5	1.0	1.0	0.8257580764264167	0.829474701179617	0.8325546111576977	0.0	0.8281016635025107	0.8325546111576977	0.8325546111576977	1.0	0.822637730349701	0.8325546111576978	0.8325546111576977	0.8325546111576977	0.8325546111576977	0.8325546111576978	0.8325546111576977	0.8250435366269293	0.8263170587301276	0.3825344798816734	1.0	0.8325546111576977	0.8325546111576977	0.8207387558260832	0.8325546111576977	0.8325546111576977	0.8325546111576978	0.8325546111576977	0.8325546111576978	0.8175530305154106	0.8269484728054477	0.8325546111576978	0.7900373573643946	0.8325546111576977	0.8325546111576977	0.8325546111576978	0.8325546111576977	0.8325546111576977	0.8325546111576978	0.8325546111576977	0.8151979874428005	0.8325546111576977	0.794324414438643	0.8325546111576978	0.8325546111576977	0.8233843510780903	0.8325546111576977	0.8116140621185669	0.8325546111576977	0.8325546111576977	0.8076687735527717	0.6979155990610317	0.8325546111576977	1.0	0.8149361456507259	0.8325546111576977	0.8325546111576977	0.8325546111576977	0.8229117191280179	0.8187594016211434	0.8325546111576978	0.8239204552439953	0.8325546111576977	0.8325546111576977	0.8079841117490151	0.8178406818017301	0.7206904100996288	0.8047262164449506	0.738612654587913	0.8325546111576977	0.8087665313781631	0.8010304775220995	0.798767272815807	0.8033333661998453	0.7071465377977886	0.8191387430330747	0.8325546111576977	0.817137329572735	0.8325546111576977	0.8139841307502115	0.8022942220511117	0.8325546111576977	0.8325546111576977	0.8228301638741772	0.8174043506933935	0.8325546111576977	0.8254310878606347	0.731883290786949	0.6967753537844726	0.7895472884417042	0.7779347605562851	0.7890794494617555	0.7767881579886249	0.8251103530460516	0.789075041857722	0.7991046685713181	0.7830549441304409	0.7716080306128992	0.7984057900007991	0.7995845598837392
6	1.0	1.0	0.8325546111576977	0.8207122843201089	0.8325546111576977	0.8281016635025107	0.0	0.8325546111576977	0.8325546111576977	1.0	0.8325546111576977	0.8325546111576978	0.8219591531967075	0.8325546111576977	0.8281083290684352	0.8232153707187646	0.8152108186027097	0.821792935524673	0.816108147554203	0.7869318315974059	1.0	0.8325546111576977	0.8325546111576977	0.8272075037663436	0.8102914900614827	0.8080489210992231	0.8221196005809508	0.8325546111576977	0.8196206059996223	0.8281429505834105	0.8223596117393558	0.81838063469864	0.8197225551593772	0.8284222547134319	0.8325546111576977	0.8229916118060729	0.8325546111576977	0.8325546111576977	0.8325546111576978	0.8325546111576977	0.8271859913653214	0.8199172412971333	0.8083660975492082	0.8271602961881657	0.8313605704334514	0.8269558293327465	0.8274469810073852	0.8325546111576977	0.8325546111576977	0.8276220384184235	0.8022503809253694	0.8226404052661958	0.8274100842868284	1.0	0.8266834454281404	0.8325546111576977	0.8125415608524824	0.8325546111576977	0.8279315880309461	0.8134233334728592	0.8325546111576978	0.7919484819308822	0.8152047623365699	0.8204361248715161	0.8325546111576977	0.8080566648396216	0.824208931116943	0.8109700682556414	0.8268573735160358	0.8173222049451453	0.7906510257144062	0.7660107061593995	0.8224736347485494	0.8150565961367213	0.5711914499013391	0.8155948175128486	0.8325546111576977	0.8166909537199516	0.8325546111576977	0.8148791472623129	0.8248270728405895	0.8235378343188519	0.8239417414066109	0.8325546111576977	0.8223544155341685	0.8176038346101252	0.8236531596051306	0.8177917130747548	0.8192586172968516	0.8033246467762385	0.8199363825153823	0.8144446816902596	0.8145044643614446	0.8276698520411448	0.822339487091903	0.8105591763284614	0.7856326403620822	0.7611993623934499	0.8158802237829361	0.8217694702367538
7	1.0	1.0	0.8325546111576977	0.8264148775102316	0.8325546111576977	0.8325546111576977	0.8325546111576977	0.0	0.8325546111576977	1.0	0.8325546111576977	0.8227086479177941	0.8325546111576977	0.8325546111576977	0.8325546111576977	0.8325546111576977	0.8325546111576977	0.8325546111576977	0.8325546111576977	0.8275171972199594	1.0	0.8325546111576977	0.8325546111576977	0.8177341085876056	0.8009891726752951	0.8232177114827453	0.8271479865058806	0.8196939292881199	0.8325546111576977	0.8325546111576977	0.8236207667157317	0.8325546111576977	0.7981848844244978	0.8277892238298529	0.8270329072830265	0.8325546111576977	0.7887477531967473	0.8325546111576977	0.8250163391335236	0.8325546111576977	0.8325546111576977	0.8267874210025442	0.8325546111576977	0.8325546111576977	0.8325546111576977	0.8325546111576977	0.8325546111576977	0.8258903290033012	0.8325546111576977	0.8325546111576977	0.7987674791509325	0.8325546111576977	0.8325546111576977	1.0	0.8325546111576977	0.8325546111576977	0.825378553095094	0.8325546111576977	0.8010708698903904	0.8234303543670514	0.8267381544550815	0.8232160638956628	0.8325546111576977	0.8226770606332694	0.8325546111576977	0.827398616384351	0.8325546111576977	0.8188544682748147	0.8283820755838782	0.8140196910585437	0.8236714880429035	0.824821659708557	0.8325546111576977	0.8325546111576977	0.8325546111576977	0.8204290772620606	0.814236919194363	0.8325546111576977	0.82153350847466	0.8325546111576977	0.8325546111576977	0.8325546111576977	0.8325546111576977	0.8082854408993573	0.8325546111576977	0.8166591227782071	0.7579670076441318	0.8266245389958974	0.8325546111576977	0.8325546111576977	0.8325546111576977	0.8261986281945902	0.8076915171329327	0.8325546111576977	0.8248860733961201	0.8145944790141073	0.8325546111576977	0.8325546111576977	0.8261818391749722	0.8325546111576977
8	1.0	1.0	0.8289381646560742	0.8325546111576977	0.8325546111576977	0.8325546111576977	0.8325546111576977	0.8325546111576977	0.0	1.0	1.0	1.0	1.0	1.0	1.0	1.0	1.0	1.0	1.0	1.0	1.0	1.0	1.0	1.0	1.0	1.0	1.0	1.0	1.0	1.0	1.0	1.0	1.0	1.0	1.0	1.0	1.0	1.0	1.0	1.0	1.0	1.0	1.0	1.0	1.0	1.0	1.0	1.0	1.0	1.0	1.0	1.0	1.0	1.0	1.0	1.0	1.0	1.0	1.0	1.0	1.0	1.0	1.0	1.0	1.0	1.0	1.0	1.0	1.0	1.0	1.0	1.0	1.0	1.0	1.0	1.0	1.0	1.0	1.0	1.0	1.0	1.0	1.0	1.0	1.0	1.0	1.0	1.0	1.0	1.0	1.0	1.0	1.0	1.0	1.0	1.0	1.0	1.0	1.0	1.0
9	1.0	1.0	1.0	1.0	1.0	1.0	1.0	1.0	1.0	0.0	0.8325546111576977	0.8325546111576978	0.7859187549893019	0.8325546111576977	0.8246353075472421	0.7922079531706648	0.8325546111576977	0.8325546111576977	0.8325546111576978	0.8325546111576977	1.0	0.8325546111576977	0.8186906284557194	0.7428520944335562	0.8149178557164443	0.8158343117334355	0.8325546111576978	0.8325546111576977	0.8252694890651057	0.8325546111576977	0.8325546111576977	0.8325546111576978	0.7909119061169375	0.8325546111576977	0.8325546111576977	0.8325546111576978	0.7935909768844869	0.8325546111576977	0.8284104272410469	0.8325546111576977	0.8325546111576977	0.8233621828805725	0.8325546111576978	0.8171985841025562	0.8325546111576977	0.8325546111576977	0.8247375829331199	0.8325546111576977	0.8325546111576977	0.8244280781742643	0.8020232458343609	0.8325546111576977	0.8325546111576977	1.0	0.8325546111576977	0.8325546111576977	0.8325546111576977	0.8325546111576977	0.8173148454090777	0.8239744054685166	0.8325546111576978	0.8204775515039885	0.8325546111576977	0.8325546111576977	0.8325546111576977	0.8325546111576977	0.8325546111576978	0.8325546111576977	0.8325546111576977	0.8325546111576977	0.8211231853425154	0.814630167794945	0.8325546111576978	0.8325546111576977	0.8325546111576977	0.8114514528417553	0.8014390629909037	0.8325546111576977	0.8102358685832993	0.8325546111576977	0.8325546111576977	0.8325546111576977	0.8264772663652931	0.8001563041648866	0.8246175913766962	0.7951793024789559	0.8134811111477386	0.8325546111576977	0.8325546111576977	0.8325546111576978	0.8246989982917319	0.8325546111576977	0.7947675538217368	0.8325546111576978	0.8143770456735104	0.8325546111576977	0.8325546111576977	0.8325546111576978	0.8230490733562729	0.8325546111576977
10	1.0	1.0	0.815642413707021	0.829508988365409	0.8325546111576977	0.822637730349701	0.8325546111576977	0.8325546111576977	1.0	0.8325546111576977	0.0	0.8270094427544943	0.8325546111576977	0.8325546111576977	0.8237327897053578	0.8325546111576978	0.8325546111576977	0.8325546111576977	0.8325546111576978	0.8325546111576977	1.0	0.8325546111576977	0.8325546111576977	0.823196643683372	0.8325546111576977	0.8325546111576977	0.8325546111576978	0.8325546111576977	0.8325546111576978	0.8231081189105296	0.8325546111576977	0.8325546111576978	0.8325546111576977	0.8325546111576977	0.8325546111576977	0.8325546111576978	0.8325546111576977	0.8325546111576977	0.8088764731441418	0.8325546111576977	0.8325546111576977	0.8325546111576977	0.8325546111576978	0.8325546111576978	0.8325546111576977	0.8325546111576977	0.8325546111576977	0.8325546111576977	0.8325546111576977	0.8325546111576977	0.8325546111576977	0.8231399520205943	0.8325546111576977	1.0	0.8325546111576977	0.8325546111576977	0.8325546111576977	0.8325546111576977	0.8325546111576977	0.8325546111576977	0.8325546111576978	0.8325546111576977	0.8325546111576977	0.8325546111576977	0.8325546111576977	0.8325546111576977	0.8325546111576978	0.8325546111576977	0.823528790746528	0.8325546111576977	0.8325546111576977	0.8325546111576977	0.8325546111576978	0.8325546111576977	0.8325546111576977	0.8325546111576977	0.8325546111576977	0.8325546111576977	0.8325546111576977	0.8325546111576977	0.8325546111576977	0.8325546111576977	0.8325546111576977	0.8325546111576977	0.8325546111576977	0.8325546111576977	0.8325546111576977	0.8325546111576977	0.8325546111576977	0.8325546111576978	0.8246139609994658	0.8325546111576977	0.8325546111576977	0.8325546111576978	0.8325546111576977	0.8325546111576977	0.8325546111576977	0.8325546111576978	0.8325546111576977	0.8325546111576977
11	1.0	1.0	0.8300415892457069	0.8253097666347403	0.8325546111576978	0.8325546111576978	0.8325546111576978	0.8227086479177941	1.0	0.8325546111576978	0.8270094427544943	0.0	0.8325546111576977	0.8283320309841983	0.8214633978990682	0.822356078529725	0.8263847312762822	0.8067381360520889	0.8265024215654843	0.8325546111576977	1.0	0.8325546111576977	0.8278225341418392	0.8325546111576978	0.802318858627057	0.8038106916866943	0.8248837471648514	0.8254923435787642	0.808278103810661	0.8325546111576977	0.8188110346392391	0.8325546111576978	0.8325546111576977	0.8270905008730338	0.8325546111576977	0.8325546111576978	0.8219012132474975	0.8272559093511718	0.8249845101517609	0.8325546111576977	0.8325546111576977	0.8151095851848463	0.8296714818013432	0.8197783623618753	0.8325546111576977	0.8266373816155536	0.8174357302692788	0.8325546111576977	0.8325546111576977	0.7912480549943517	0.8208075492443544	0.8325546111576977	0.8103178330990228	1.0	0.8325546111576977	0.8325546111576977	0.8061099097818191	0.8325546111576977	0.8282848521410088	0.8161662105259755	0.8325546111576978	0.8230119020841742	0.8325546111576977	0.8325546111576977	0.8325546111576977	0.8209798494614298	0.8325546111576978	0.8325546111576977	0.8325546111576977	0.8273731569667253	0.8025981138028916	0.8091086741397326	0.803224426138528	0.8325546111576977	0.8325546111576977	0.8263311712573735	0.8294240031549939	0.6905921014673602	0.817071622987945	0.8181628696462321	0.8325546111576977	0.816692993279166	0.8272358707397497	0.8292544156634762	0.8325546111576977	0.8215888938884771	0.8325546111576977	0.8162050950536125	0.8325546111576977	0.8325546111576978	0.8325546111576978	0.826490657819257	0.8265864194306132	0.815647365552324	0.8195519969706008	0.8266350568691385	0.8281822247011384	0.8325546111576978	0.8239758360450326	0.8325546111576977
12	1.0	1.0	0.8265449540153019	0.8299993235778361	0.8325546111576977	0.8325546111576977	0.8219591531967075	0.8325546111576977	1.0	0.7859187549893019	0.8325546111576977	0.8325546111576977	0.0	0.8325546111576977	0.8325546111576978	0.8325546111576978	0.8256610198919943	0.8325546111576977	0.8325546111576978	0.8175327076153563	1.0	0.8325546111576978	0.8325546111576978	0.8278238836990074	0.8208824604861311	0.8325546111576978	0.8255867732883124	0.7594549700073022	0.8325546111576978	0.8256651755489754	0.8222732396290637	0.8325546111576978	0.8137323759461209	0.8172474850931012	0.8263113535853369	0.8216192250696143	0.8243391523978528	0.8148054136936244	0.8325546111576978	0.826443150106703	0.8325546111576978	0.8325546111576978	0.8200684794018491	0.8090871625596927	0.8325546111576977	0.8273540383633559	0.8325546111576978	0.8325546111576978	0.8325546111576978	0.8233691294578499	0.8325546111576978	0.8163744933122659	0.8273578156152273	1.0	0.8268021806145551	0.8258264175217523	0.8325546111576978	0.8245835927707692	0.8325546111576978	0.8325546111576977	0.8274136327504193	0.8230897696628212	0.8152527060520672	0.8325546111576978	0.8325546111576978	0.8325546111576978	0.8219154831043846	0.8325546111576977	0.7959303562300978	0.8325546111576977	0.8274836907996687	0.8209783326639581	0.8259528389432895	0.8325546111576978	0.8281871957509923	0.8325546111576978	0.8325546111576977	0.8277039066584486	0.8206612674739341	0.8325546111576977	0.8013223805011038	0.8292431552379496	0.8325546111576977	0.8325546111576978	0.8209214239312361	0.8227298297861241	0.818397038625996	0.81239173348903	0.8224249662016327	0.8325546111576978	0.8230109318742351	0.8325546111576978	0.8222026098169148	0.8259455032184453	0.8325546111576978	0.8140615143972829	0.8325546111576978	0.8325546111576978	0.8325546111576978	0.8227204222881441
13	1.0	1.0	0.8293402208820194	0.8197137471223869	0.8325546111576977	0.8325546111576977	0.8325546111576977	0.8325546111576977	1.0	0.8325546111576977	0.8325546111576977	0.8283320309841983	0.8325546111576977	0.0	0.27026761520275216	0.8238417906798511	0.8266711533492057	0.8325546111576977	0.8280516340257218	0.8325546111576977	1.0	0.8325546111576977	0.8083551721694896	0.8325546111576978	0.8258374442395807	0.8005904211701692	0.8125575515015939	0.8298386764150815	0.768807208245298	0.8192195184297313	0.8208461314414289	0.8253738313380673	0.8286317090394929	0.819131573793689	0.8325546111576977	0.8261845275503689	0.8208933083295851	0.8256672908677777	0.8325546111576978	0.8325546111576977	0.8325546111576977	0.8171021891439404	0.8259498292491377	0.8074396757038277	0.8325546111576977	0.8325546111576977	0.7900456052973258	0.8241043852731911	0.8325546111576977	0.8167543856389657	0.8325546111576977	0.8202253245180487	0.8286285261662373	1.0	0.8325546111576977	0.826635129460361	0.8136868962627751	0.8325546111576977	0.8325546111576977	0.8183607176329367	0.8289743907437587	0.8325546111576977	0.8325546111576977	0.8276730994874951	0.7965627451711979	0.8269887048220556	0.8271831738823191	0.8119787831027908	0.8091498484089177	0.8209894248600972	0.8170084752533611	0.8195256865504523	0.8249349727990659	0.8288946038565637	0.8325546111576977	0.826743675721242	0.8325546111576977	0.8283319511268373	0.8218884488996746	0.8247764533300906	0.8325546111576977	0.816955327322909	0.8226418162817076	0.8237073365161938	0.8264529036536681	0.7908768013083178	0.8248002192352206	0.8273868130006319	0.8290657564118316	0.8226344418187455	0.8325546111576978	0.8124168130460814	0.8325546111576977	0.8273127662130924	0.8248411979474025	0.8247107049817676	0.8273690674250797	0.8230324299286611	0.7884680189592891	0.8165942570708751
14	1.0	1.0	0.8325546111576977	0.8139741943676108	0.8325546111576977	0.8325546111576977	0.8281083290684352	0.8325546111576977	1.0	0.8246353075472421	0.8237327897053578	0.8214633978990682	0.8325546111576978	0.27026761520275216	0.0	0.8325546111576978	0.8247160299662291	0.8325546111576977	0.8254796513681351	0.8325546111576978	1.0	0.8325546111576978	0.8081087452586877	0.8234655456085904	0.7888279029914527	0.8051432466473104	0.8239272959183467	0.8325546111576978	0.7894426019020785	0.8325546111576977	0.8325546111576978	0.8078480018805959	0.8108767705858938	0.811788949540875	0.8325546111576978	0.8325546111576978	0.7907293208375019	0.8325546111576977	0.8099809343106029	0.8298179720783949	0.8325546111576978	0.822765336164984	0.8255402228605495	0.823069120558477	0.8325546111576977	0.8192093962405704	0.8054377482794547	0.8325546111576978	0.8305112268417787	0.8262610792789693	0.7460167358272701	0.8274372588525091	0.8199603719001901	1.0	0.8325546111576977	0.8325546111576978	0.8117313987792961	0.8268053897830274	0.8205214754951294	0.8278849390732678	0.8204666276047121	0.8124979728417905	0.8125377548796738	0.8219273766419927	0.8129388992207828	0.8284029908642462	0.8234027710818965	0.8153845688380995	0.821288041435077	0.8325546111576977	0.8233151650939857	0.7761255939081712	0.8104161268305481	0.8211863238239272	0.8325546111576978	0.8198755109263804	0.7981303629577322	0.8038748717789174	0.752493847976987	0.8142660369985626	0.8198635682347295	0.8138308971385922	0.8148584277149427	0.8126266277669473	0.8070648069103991	0.7902214839474642	0.8150973603630939	0.8325546111576978	0.8325546111576978	0.8228481547458086	0.8277900692577507	0.8222602742429045	0.8044639743201841	0.8174856359053557	0.8112511085183358	0.818676881529493	0.8214128736286478	0.8325546111576978	0.8048313226568125	0.8169577390967446
15	1.0	1.0	0.8325546111576978	0.83017219592572	0.8325546111576978	0.8325546111576978	0.8232153707187646	0.8325546111576977	1.0	0.7922079531706648	0.8325546111576978	0.822356078529725	0.8325546111576978	0.8238417906798511	0.8325546111576978	0.0	0.8325546111576977	0.8228527671902645	0.3222481425176504	0.8275833726924842	1.0	0.8325546111576977	0.8325546111576977	0.8325546111576978	0.8242425760790096	0.7899752804144701	0.8292651540412631	0.8223194875404201	0.8275684030112065	0.8208738838774995	0.6238900014667692	0.8325546111576978	0.8220956477677304	0.8263062607406712	0.8292594288405181	0.8325546111576978	0.8174314163510028	0.8255625606328696	0.8325546111576978	0.8325546111576977	0.8325546111576977	0.803495612066773	0.8189138043150045	0.8325546111576978	0.8325546111576977	0.8199424399549237	0.7950920017460096	0.8325546111576977	0.8292144981573852	0.8185721063734767	0.8325546111576977	0.8325546111576977	0.8245210568193295	1.0	0.8325546111576977	0.8325546111576977	0.7901763801381853	0.8325546111576977	0.8187008069677375	0.8061856976275623	0.8220123647736921	0.8179231081842638	0.8214184471614842	0.8215350541285822	0.8325546111576977	0.8325546111576977	0.8325546111576978	0.8087583459087191	0.8278689061226656	0.8236843585030569	0.8137302134375847	0.8069452590762898	0.8265915197247296	0.8279586281968457	0.8198328951177692	0.822836595480359	0.826026505241444	0.8267439044891626	0.8019154145096049	0.8325546111576977	0.8325546111576977	0.8325546111576977	0.808337804527031	0.8233393013185061	0.8258690113143929	0.8325546111576977	0.8208053924215978	0.8325546111576977	0.8325546111576977	0.8325546111576978	0.8325546111576978	0.8065367301240267	0.8325546111576977	0.8325546111576978	0.8266162902207088	0.8233911573498737	0.8217428930010126	0.8155614578627499	0.8224369387082047	0.8325546111576977
16	1.0	1.0	0.8325546111576977	0.829396648877754	0.8325546111576977	0.8325546111576977	0.8152108186027097	0.8325546111576977	1.0	0.8325546111576977	0.8325546111576977	0.8263847312762822	0.8256610198919943	0.8266711533492057	0.8247160299662291	0.8325546111576977	0.0	0.8147642201321221	0.8325546111576978	0.7551763092913979	1.0	0.8325546111576977	0.8325546111576977	0.8225048186839177	0.8178671483113843	0.8215664679993232	0.810459736624868	0.8325546111576977	0.7805479949426739	0.8325546111576977	0.8325546111576977	0.538681739621884	0.8272141010012035	0.8052668868953042	0.8267561890642101	0.8293982298507492	0.8325546111576977	0.8280678221957264	0.8291943703059289	0.8182709350063672	0.8325546111576977	0.8274739766318583	0.8265843117642422	0.8114250644052473	0.8325546111576977	0.8325546111576977	0.8150850610836231	0.8325546111576977	0.8267045852993489	0.7802546706780543	0.8325546111576977	0.8325546111576977	0.8280127901370968	1.0	0.8286837456175244	0.8287957951942326	0.8182077670415884	0.8325546111576977	0.8280997506277509	0.817424862303916	0.8208285986474406	0.8205935685814586	0.8270762585063496	0.819852552102677	0.8287507682810193	0.8277496718835744	0.826446084892833	0.8325546111576977	0.8325546111576977	0.8279147076918754	0.7869041008415755	0.8192219926768629	0.8133493469704595	0.8325546111576977	0.8325546111576977	0.8325546111576977	0.82642781592424	0.7894003276745786	0.8191766464103493	0.8043086448397084	0.826876416927156	0.7964247293514805	0.8251153750713139	0.8077171480046553	0.8284975183393058	0.8056805823231858	0.8278770274171166	0.8134244353056935	0.8284930610832932	0.8288693181139688	0.8283159732502664	0.8208501394789616	0.8173059365752067	0.680619323011512	0.826227327359197	0.82890848869778	0.825215244756064	0.8325546111576978	0.8236101632434538	0.8272268815676471
17	1.0	1.0	0.8108097155111188	0.8246688458424444	0.8325546111576977	0.8250435366269293	0.821792935524673	0.8325546111576977	1.0	0.8325546111576977	0.8325546111576977	0.8067381360520889	0.8325546111576977	0.8325546111576977	0.8325546111576977	0.8228527671902645	0.8147642201321221	0.0	0.8231031712732774	0.8030199368951637	1.0	0.8325546111576977	0.8254494147658162	0.8020435762926241	0.7839085441680607	0.8255270181484089	0.8279383192493618	0.8325546111576977	0.8165885981050451	0.8288453143974414	0.8325546111576977	0.8282221559560043	0.6320411056517329	0.8249972324050623	0.8325546111576977	0.8325546111576977	0.7176404138481063	0.8325546111576977	0.828796914221425	0.827453814248889	0.8325546111576977	0.8147081428001796	0.8144390496458394	0.8239920464759907	0.8325546111576977	0.8278652053905151	0.8158357345827679	0.8325546111576977	0.827120167187668	0.8283063322917137	0.76300844370672	0.8032598837995918	0.8271091255007937	1.0	0.8325546111576977	0.8325546111576977	0.8188605417924834	0.8246434843998717	0.8010505076878338	0.8064308759940031	0.8289679789686907	0.8074222184949487	0.8325546111576977	0.8285910066729903	0.8287037724200995	0.8325546111576977	0.8082477577635286	0.8278629160036934	0.8199445571081893	0.8325546111576977	0.7890480255427472	0.793890449826072	0.8091060541897864	0.8325546111576977	0.8189915057195991	0.7637906936757586	0.7767486739036703	0.8096691788999326	0.8044112018835283	0.8134617572830493	0.8203675213220815	0.8275728542829143	0.8278021585899685	0.7969979047501807	0.812132119999406	0.7766877820886178	0.800883687153896	0.8184148386377791	0.8170273688671899	0.8173748418429053	0.8097503624517508	0.819554450631522	0.7342209933216469	0.8025175684945648	0.8002662241520879	0.8057413828707738	0.8141721606379861	0.824814312690271	0.8257014074388763	0.8325546111576977
18	1.0	1.0	0.8325546111576978	0.8325546111576978	0.8325546111576978	0.8263170587301276	0.816108147554203	0.8325546111576977	1.0	0.8325546111576978	0.8325546111576978	0.8265024215654843	0.8325546111576978	0.8280516340257218	0.8254796513681351	0.3222481425176504	0.8325546111576978	0.8231031712732774	0.0	0.8325546111576978	1.0	0.8325546111576978	0.8240478751470218	0.8088970454036937	0.8208182149218515	0.7948894977981295	0.8325546111576978	0.8325546111576978	0.8082685025098799	0.8325546111576977	0.792444490706025	0.8325546111576978	0.8325546111576978	0.8270122427355875	0.8325546111576978	0.8325546111576978	0.8325546111576977	0.8247134043778297	0.8325546111576978	0.8267246723222482	0.8325546111576978	0.8067701133598821	0.8268845135413871	0.8285603256837502	0.831348572372359	0.8290563052325778	0.8285497704591284	0.8325546111576978	0.8298451551656132	0.8277556122604943	0.8279448942919925	0.8270158886605093	0.820725234852766	1.0	0.8273845929237528	0.8325546111576978	0.8288312640464066	0.8282049204786318	0.8241152425008057	0.8236241685601063	0.8217346191596611	0.8325546111576978	0.8325546111576978	0.8325546111576978	0.8325546111576978	0.8282914610102167	0.8224270000724344	0.8204701805524174	0.8325546111576978	0.8325546111576977	0.8280725605977727	0.8325546111576978	0.8104755413509747	0.8325546111576978	0.8325546111576978	0.8250206868596922	0.828495392140686	0.8325546111576978	0.8325546111576978	0.8275738702041116	0.8325546111576977	0.8325546111576978	0.8118351254091156	0.8325546111576978	0.8325546111576978	0.7823200676345065	0.8325546111576978	0.8325546111576978	0.8325546111576978	0.8231939990347854	0.8325546111576978	0.8029186501211465	0.8325546111576978	0.8325546111576978	0.8325546111576978	0.8063650537623674	0.8325546111576978	0.8325546111576978	0.8161416042957274	0.8325546111576978
19	1.0	1.0	0.8288250581622408	0.8182692947615634	0.8325546111576977	0.3825344798816734	0.7869318315974059	0.8275171972199594	1.0	0.8325546111576977	0.8325546111576977	0.8325546111576977	0.8175327076153563	0.8325546111576977	0.8325546111576978	0.8275833726924842	0.7551763092913979	0.8030199368951637	0.8325546111576978	0.0	1.0	0.8325546111576978	0.824923573023739	0.8325546111576978	0.5337962493647597	0.789863384436087	0.8325546111576978	0.8166019451712253	0.822219411572189	0.8140994359452772	0.8093759258409409	0.8167084644677931	0.8266609787808767	0.8325546111576978	0.8137661103691112	0.8169701965985926	0.8250711922123601	0.8209646247857505	0.8251944415238118	0.8299616679925131	0.8325546111576978	0.8048402854778697	0.7410051629991066	0.8092812281534788	0.8325546111576977	0.8233707858885985	0.8088626149459385	0.8325546111576978	0.8304619863429594	0.8283111183353317	0.8240927993188946	0.828087594690591	0.8219136013571725	1.0	0.8325546111576977	0.8085014019018977	0.7838492903373333	0.8254237906327613	0.8018053544055411	0.8001865543500076	0.8325546111576978	0.8164630685605052	0.7863586340177823	0.8240720384810385	0.8273935470534682	0.8277447016268583	0.8278749288940763	0.8121191171578037	0.8325546111576978	0.823387286761243	0.7331484233124194	0.7306252487766545	0.7867921408259656	0.821589041906625	0.8271530021936976	0.828409111414599	0.8219386420960084	0.7989344594221621	0.7403871504633092	0.8271378028384485	0.8181822398084285	0.8213253853646688	0.8255174935207517	0.8325546111576978	0.8168259994270257	0.821755312858705	0.8132082116081082	0.8282582534498002	0.8325546111576978	0.8325546111576978	0.8212552159083112	0.8281429761735896	0.8325546111576978	0.8273471333263401	0.8188198844451552	0.8161912403315558	0.8110135080885725	0.825139490191769	0.8157714220606521	0.8325546111576978
20	1.0	1.0	1.0	1.0	1.0	1.0	1.0	1.0	1.0	1.0	1.0	1.0	1.0	1.0	1.0	1.0	1.0	1.0	1.0	1.0	0.0	0.8325546111576978	0.8325546111576978	0.8325546111576978	0.8325546111576978	0.8325546111576978	0.8325546111576978	0.8212240023604089	0.8325546111576978	0.8325546111576977	0.8235826232446491	0.8325546111576978	0.8325546111576978	0.8325546111576978	0.8232694477645485	0.8325546111576978	0.8166533043516235	0.8325546111576977	0.8325546111576978	0.8325546111576977	0.8325546111576978	0.8325546111576978	0.8325546111576978	0.8325546111576978	0.8325546111576977	0.8325546111576978	0.8325546111576978	0.8325546111576978	0.8325546111576978	0.8251453070360385	0.8325546111576978	0.8325546111576977	0.8325546111576978	1.0	0.8325546111576977	0.8325546111576978	0.8325546111576978	0.8325546111576977	0.8325546111576978	0.8325546111576977	0.8205715355798086	0.8325546111576978	0.8325546111576978	0.8325546111576978	0.8325546111576978	0.8325546111576978	0.8325546111576978	0.8325546111576977	0.8195665942352177	0.8325546111576977	0.8325546111576977	0.8325546111576978	0.8325546111576978	0.8325546111576978	0.8325546111576978	0.8325546111576978	0.8325546111576977	0.8325546111576978	0.8325546111576978	0.8325546111576977	0.8325546111576977	0.8325546111576978	0.8325546111576977	0.8325546111576978	0.8325546111576978	0.8325546111576978	0.8325546111576978	0.8325546111576978	0.8325546111576978	0.8325546111576978	0.8325546111576978	0.8325546111576978	0.8325546111576978	0.8325546111576978	0.8325546111576978	0.8325546111576977	0.8234205907097826	0.8325546111576978	0.8325546111576978	0.8325546111576978
21	1.0	1.0	0.8325546111576977	0.8325546111576977	0.8325546111576977	0.8325546111576977	0.8325546111576977	0.8325546111576977	1.0	0.8325546111576977	0.8325546111576977	0.8325546111576977	0.8325546111576978	0.8325546111576977	0.8325546111576978	0.8325546111576977	0.8325546111576977	0.8325546111576977	0.8325546111576978	0.8325546111576978	0.8325546111576978	0.0	0.8325546111576978	0.8325546111576978	0.8325546111576978	0.8325546111576978	0.8325546111576978	0.8325546111576978	0.8325546111576978	0.8325546111576977	0.8325546111576978	0.8325546111576978	0.8325546111576978	0.8325546111576978	0.8276510145007636	0.8325546111576978	0.7742038241335102	0.8325546111576977	0.8325546111576978	0.8325546111576977	0.8325546111576978	0.8325546111576978	0.8325546111576978	0.8325546111576978	0.8325546111576977	0.8325546111576978	0.8325546111576978	0.8325546111576978	0.8285906135280623	0.8325546111576978	0.8325546111576978	0.8325546111576977	0.8325546111576978	1.0	0.8325546111576977	0.8325546111576978	0.8325546111576978	0.8325546111576977	0.8325546111576978	0.8134556288822986	0.8325546111576978	0.8325546111576978	0.8210668134742872	0.8325546111576978	0.8325546111576978	0.8205591836492776	0.8325546111576978	0.8325546111576977	0.8269110155293232	0.8325546111576977	0.8325546111576977	0.8325546111576978	0.8325546111576978	0.8325546111576978	0.8325546111576978	0.8325546111576978	0.8325546111576977	0.8325546111576978	0.8325546111576978	0.8325546111576977	0.8325546111576977	0.8325546111576978	0.8204185970916336	0.8325546111576978	0.8325546111576978	0.8325546111576978	0.8325546111576978	0.8181897539300477	0.8325546111576978	0.8325546111576978	0.8325546111576978	0.8325546111576978	0.8325546111576978	0.8325546111576978	0.8271851371411236	0.8325546111576977	0.8214196026920818	0.8325546111576978	0.8139436908260324	0.8325546111576978
22	1.0	1.0	0.8109073531206401	0.8325546111576977	0.8325546111576977	0.8325546111576977	0.8325546111576977	0.8325546111576977	1.0	0.8186906284557194	0.8325546111576977	0.8278225341418392	0.8325546111576978	0.8083551721694896	0.8081087452586877	0.8325546111576977	0.8325546111576977	0.8254494147658162	0.8240478751470218	0.824923573023739	0.8325546111576978	0.8325546111576978	0.0	0.8325546111576978	0.8325546111576977	0.8325546111576977	0.8325546111576978	0.8325546111576977	0.824555551257722	0.8325546111576977	0.8325546111576977	0.8325546111576978	0.8325546111576977	0.8325546111576977	0.8325546111576977	0.8325546111576978	0.8325546111576977	0.8325546111576977	0.8325546111576978	0.8325546111576977	0.8156112760938607	0.8325546111576977	0.8325546111576978	0.8243468296684362	0.8311499827298043	0.8325546111576977	0.8325546111576977	0.8325546111576977	0.8325546111576977	0.8325546111576977	0.8325546111576977	0.8259319171394152	0.8325546111576977	1.0	0.8325546111576977	0.8325546111576977	0.8325546111576977	0.8325546111576977	0.8325546111576977	0.8325546111576977	0.8325546111576978	0.8111468225491671	0.8325546111576977	0.8178910843483522	0.8325546111576977	0.8325546111576977	0.8325546111576978	0.8325546111576977	0.8325546111576977	0.8325546111576977	0.8325546111576977	0.8325546111576977	0.8325546111576978	0.8325546111576977	0.8325546111576977	0.8325546111576977	0.8325546111576977	0.8325546111576977	0.8325546111576977	0.8325546111576977	0.8325546111576977	0.8325546111576977	0.8325546111576977	0.8325546111576977	0.8325546111576977	0.8325546111576977	0.8325546111576977	0.8325546111576977	0.8325546111576977	0.8325546111576978	0.8325546111576978	0.8325546111576977	0.8325546111576977	0.8254843052408024	0.8268979624699532	0.8325546111576977	0.8325546111576977	0.8325546111576978	0.8105014118032856	0.8325546111576977
23	1.0	1.0	0.8282123847491364	0.8291827991404805	0.8325546111576978	0.8207387558260832	0.8272075037663436	0.8177341085876056	1.0	0.7428520944335562	0.823196643683372	0.8325546111576978	0.8278238836990074	0.8325546111576978	0.8234655456085904	0.8325546111576978	0.8225048186839177	0.8020435762926241	0.8088970454036937	0.8325546111576978	0.8325546111576978	0.8325546111576978	0.8325546111576978	0.0	0.8325546111576978	0.8325546111576978	0.8269410400982004	0.8282015499652539	0.8325546111576978	0.8163179566059815	0.8279905434605109	0.8224846249997998	0.8289356018026667	0.8325546111576978	0.8291900809106043	0.8253896994547497	0.8220871103347842	0.8325546111576977	0.8258508182638726	0.6637140262290423	0.8325546111576978	0.8235127112661149	0.8251294170004766	0.8325546111576978	0.8325546111576977	0.8325546111576978	0.8325546111576978	0.8325546111576978	0.830672984539047	0.8325546111576978	0.8252713684421454	0.8325546111576977	0.8191415333763536	1.0	0.8325546111576977	0.8230888873989517	0.8325546111576978	0.8325546111576977	0.8325546111576978	0.8287183263243432	0.8325546111576978	0.8257802418565996	0.8325546111576978	0.8227064757134012	0.8325546111576978	0.8199844976613423	0.8325546111576978	0.8277979938853932	0.8325546111576978	0.8184470385298689	0.8325546111576977	0.8157933745633144	0.8325546111576978	0.7869242241603764	0.8181005685577404	0.8325546111576978	0.8325546111576977	0.8275647528854191	0.8325546111576978	0.8325546111576977	0.8144031647990073	0.8325546111576978	0.8287594805396007	0.8325546111576978	0.8254595510012358	0.8325546111576978	0.8276877070938163	0.829550071968536	0.8325546111576978	0.826969376071299	0.8325546111576978	0.8325546111576978	0.8268895134868579	0.8325546111576978	0.8283713205967842	0.8272244857204211	0.8088497740571047	0.8209584444628677	0.8325546111576978	0.8325546111576978
